      30  -0.050  0.190  0.240 
      60  -0.140  0.200  0.340 
      90  -0.210  0.210  0.420
      120  -0.270  0.230  0.500
      150  -0.350  0.210  0.560 
      180  -0.400  0.220  0.620 
      210  -0.510  0.150  0.660 
      240  -0.540  0.120  0.660 
      270  -0.620  0.070  0.690 
      300  -0.740  -0.260  0.480
      330  -0.860  -0.420  0.440
      360  -1.000  -0.600  0.400
      390  -1.110  -0.800  0.310
      420  -1.250  -1.000  0.250 
      450  -1.350  -1.220  0.130
      480  -1.420  -1.310  0.110
      510  -1.660  -1.570  0.090
      540  -1.770  -1.760  0.010