      30  -0.250  -0.090  0.160 
      60  -0.340  -0.070  0.270 
      90  -0.380  0.000  0.380
      120  -0.360  0.120  0.480
      150  -0.290  0.265  0.555 
      180  -0.270  0.410  0.680 
      210  -0.280  0.490  0.770 
      240  -0.210  0.510  0.720 
      270  -0.140  0.520  0.660 
      300  -0.060  0.540  0.600
      330  0.040  0.550  0.510
      360  0.080  0.550  0.470
      390  0.170  0.560  0.390
      420  0.250  0.560  0.310 
      450  0.320  0.520  0.200
      480  0.400  0.520  0.120
#      510  0.420  0.470  0.050
#      540  0.330  0.380  0.050