17 35 
19 45 
20 55
21 61  
22 65  
23 68  
24 74 
25 78    
26 81  
27 85   
28 90  
29 95   
30 99 
31 104 
32 107 
33 111 
34 118 
35 122 
36 127 
37 133  
38 137 
39 144  
40 150  
41 153  
42 160  
43 166   
44 175 
45 184  
46 190 
47 194  
48 199  
49 208   
50 217   
51 226  
52 232  
53 240 
54 252  
55 260  
56 269 
57 278  
58 290   
59 305 
60 324  
61 339  
62 360 
63 378    
64 399  
65 437  
66 450 
67 463 
68 481  
69 485  
70 496  
71 521 
72 528  
73 542  
74 551 
75 569  
76 582
77 603 
78 617 
79 640 
80 647 
81 663  
82 678 
83 688 
84 711
85 722 
86 730 
87 736  
88 753 
89 765 
90 770 
91 778 
92 790
93 793 
94 811 
95 816
96 825
97 830
98 836
99 837