time [µs]	Amp[V]	HF [V]	TGC [dB]
0,0	0,216	0,002	1,575
0,1	0,588	0,018	1,732
0,2	0,947	0,994	1,417
0,3	1,126	-0,423	0,630
0,4	1,082	-1,014	2,047
0,5	0,935	-0,447	2,047
0,6	0,863	0,411	1,732
0,7	0,948	0,703	1,417
0,8	1,110	0,994	1,260
0,9	1,186	0,679	1,575
1,0	1,091	-1,014	1,890
1,1	0,902	-0,156	1,575
1,2	0,796	0,703	1,417
1,3	0,884	0,018	1,417
1,4	1,103	-1,014	1,575
1,5	1,259	-1,014	1,732
1,6	1,195	0,215	1,575
1,7	0,926	0,994	1,417
1,8	0,634	0,317	1,575
1,9	0,520	0,222	1,575
2,0	0,643	0,026	1,575
2,1	0,882	-0,943	1,575
2,2	1,033	-0,722	1,575
2,3	0,971	0,199	1,575
2,4	0,723	0,679	1,417
2,5	0,427	0,309	1,575
2,6	0,214	-0,085	1,575
2,7	0,128	-0,108	1,575
2,8	0,123	-0,085	1,575
2,9	0,129	-0,093	1,575
3,0	0,106	-0,014	1,417
3,1	0,066	0,081	1,575
3,2	0,038	0,049	1,575
3,3	0,034	-0,006	1,575
3,4	0,043	0,018	1,575
3,5	0,048	0,033	1,575
3,6	0,040	-0,006	1,575
3,7	0,025	-0,030	1,575
3,8	0,013	-0,006	1,575
3,9	0,010	0,002	1,575
4,0	0,015	-0,014	1,575
4,1	0,024	0,002	1,575
4,2	0,035	0,033	1,575
4,3	0,046	0,018	1,575
4,4	0,051	-0,037	1,575
4,5	0,048	-0,045	1,417
4,6	0,036	0,002	1,575
4,7	0,021	0,018	1,575
4,8	0,012	0,010	1,575
4,9	0,013	0,010	1,575
5,0	0,020	0,010	1,575
5,1	0,025	-0,014	1,575
5,2	0,024	-0,022	1,575
5,3	0,018	-0,006	1,575
5,4	0,012	0,010	1,575
5,5	0,011	0,010	1,575
5,6	0,012	-0,006	1,575
5,7	0,012	-0,006	1,575
5,8	0,009	-0,006	1,575
5,9	0,006	-0,006	1,575
6,0	0,005	0,002	1,575
6,1	0,010	0,010	1,102
6,2	0,016	0,010	2,047
6,3	0,020	-0,006	3,780
6,4	0,018	-0,014	5,197
6,5	0,014	-0,014	6,142
6,6	0,011	0,002	6,929
6,7	0,013	0,010	7,559
6,8	0,018	0,018	8,031
6,9	0,023	0,010	8,346
7,0	0,023	-0,006	8,819
7,1	0,018	-0,014	9,134
7,2	0,013	-0,014	9,449
7,3	0,010	0,002	9,764
7,4	0,010	0,010	10,236
7,5	0,012	0,002	10,551
7,6	0,012	-0,006	10,866
7,7	0,010	-0,006	11,181
7,8	0,008	0,002	11,496
7,9	0,007	-0,006	11,811
8,0	0,007	-0,006	12,126
8,1	0,008	0,002	12,441
8,2	0,008	0,002	12,756
8,3	0,008	-0,006	13,071
8,4	0,007	-0,006	13,386
8,5	0,009	0,002	13,701
8,6	0,011	0,002	14,016
8,7	0,013	-0,006	14,331
8,8	0,012	-0,014	14,646
8,9	0,009	-0,006	14,961
9,0	0,006	0,002	15,276
9,1	0,006	-0,006	15,591
9,2	0,009	0,002	16,063
9,3	0,013	-0,006	16,220
9,4	0,015	-0,014	16,535
9,5	0,015	-0,014	16,850
9,6	0,013	0,002	17,165
9,7	0,013	0,010	17,480
9,8	0,015	0,002	17,795
9,9	0,020	-0,014	18,110
10,0	0,024	-0,014	18,583
10,1	0,026	-0,022	18,898
10,2	0,026	-0,030	19,055
10,3	0,026	-0,006	19,528
10,4	0,027	0,018	19,843
10,5	0,030	0,026	20,157
10,6	0,034	0,002	20,472
10,7	0,039	-0,022	20,630
10,8	0,043	-0,045	20,945
10,9	0,045	-0,037	21,260
11,0	0,044	-0,014	21,732
11,1	0,040	0,026	21,890
11,2	0,033	0,033	22,362
11,3	0,028	0,002	22,677
11,4	0,027	-0,014	22,992
11,5	0,034	-0,022	23,307
11,6	0,044	-0,045	23,622
11,7	0,053	-0,037	23,937
11,8	0,055	0,026	24,252
11,9	0,047	0,041	24,567
12,0	0,035	-0,006	24,882
12,1	0,025	-0,030	25,197
12,2	0,021	0,002	25,512
12,3	0,024	0,010	25,827
12,4	0,032	-0,030	26,142
12,5	0,041	-0,037	26,457
12,6	0,051	-0,022	26,772
12,7	0,062	0,041	27,244
12,8	0,074	0,065	27,402
12,9	0,085	-0,014	27,717
13,0	0,090	-0,093	28,031
13,1	0,089	-0,030	28,346
13,2	0,082	0,073	28,661
13,3	0,078	0,033	28,976
13,4	0,082	-0,069	29,291
13,5	0,098	-0,069	29,606
13,6	0,119	0,073	29,921
13,7	0,141	0,128	30,236
13,8	0,158	0,010	30,551
13,9	0,170	-0,148	31,181
14,0	0,179	-0,163	31,339
14,1	0,185	-0,037	31,181
14,2	0,184	0,128	31,181
14,3	0,173	0,167	31,024
14,4	0,151	0,065	31,024
14,5	0,126	-0,053	31,024
14,6	0,112	-0,108	31,024
14,7	0,116	-0,108	31,024
14,8	0,134	-0,069	31,024
14,9	0,151	0,049	30,866
15,0	0,152	0,152	30,866
15,1	0,134	0,089	31,024
15,2	0,108	-0,014	31,024
15,3	0,092	-0,085	31,024
15,4	0,099	-0,093	31,024
15,5	0,122	-0,061	31,024
15,6	0,143	0,065	31,024
15,7	0,142	0,144	31,024
15,8	0,116	0,057	31,024
15,9	0,082	-0,045	31,024
16,0	0,063	-0,037	31,024
16,1	0,077	-0,053	30,866
16,2	0,120	-0,132	31,024
16,3	0,176	-0,077	31,024
16,4	0,221	0,128	31,024
16,5	0,244	0,230	31,024
16,6	0,248	0,112	31,024
16,7	0,239	-0,140	31,024
16,8	0,228	-0,234	31,024
16,9	0,215	-0,085	31,024
17,0	0,200	0,104	31,024
17,1	0,183	0,183	30,866
17,2	0,165	0,073	30,866
17,3	0,150	-0,093	30,866
17,4	0,141	-0,140	30,866
17,5	0,139	-0,045	30,866
17,6	0,141	0,089	30,866
17,7	0,146	0,144	30,866
17,8	0,151	0,041	31,024
17,9	0,154	-0,124	31,024
18,0	0,155	-0,132	31,024
18,1	0,152	0,002	31,024
18,2	0,145	0,136	31,024
18,3	0,131	0,104	31,024
18,4	0,111	-0,014	30,866
18,5	0,086	-0,077	30,866
18,6	0,058	-0,045	30,866
18,7	0,034	0,018	30,866
18,8	0,021	0,018	30,866
18,9	0,028	-0,006	30,866
19,0	0,053	-0,053	30,866
19,1	0,089	0,002	31,024
19,2	0,125	0,112	31,024
19,3	0,151	0,120	31,024
19,4	0,165	-0,030	30,866
19,5	0,171	-0,156	31,024
19,6	0,177	-0,148	30,866
19,7	0,188	-0,006	30,866
19,8	0,200	0,167	30,866
19,9	0,206	0,191	30,866
20,0	0,204	0,041	30,866
20,1	0,199	-0,124	30,866
20,2	0,198	-0,203	30,866
20,3	0,207	-0,093	30,866
20,4	0,222	0,136	30,866
20,5	0,228	0,215	30,866
20,6	0,212	0,041	30,866
20,7	0,173	-0,140	31,024
20,8	0,128	-0,132	30,866
20,9	0,100	-0,037	30,866
21,0	0,109	-0,014	30,866
21,1	0,157	0,096	30,866
21,2	0,226	0,230	30,866
21,3	0,287	0,104	30,866
21,4	0,321	-0,219	30,866
21,5	0,321	-0,305	30,866
21,6	0,299	-0,085	30,866
21,7	0,275	0,175	30,866
21,8	0,264	0,262	30,866
21,9	0,273	0,175	30,866
22,0	0,294	-0,093	30,866
22,1	0,309	-0,297	30,866
22,2	0,302	-0,179	30,866
22,3	0,262	0,128	30,866
22,4	0,196	0,207	30,866
22,5	0,124	0,026	30,866
22,6	0,072	-0,045	30,866
22,7	0,055	0,018	30,866
22,8	0,071	-0,053	30,866
22,9	0,101	-0,108	30,866
23,0	0,119	-0,022	30,866
23,1	0,115	0,096	30,866
23,2	0,096	0,049	30,866
23,3	0,081	-0,077	30,866
23,4	0,091	-0,022	30,866
23,5	0,130	0,128	30,866
23,6	0,188	0,057	30,866
23,7	0,247	-0,203	30,866
23,8	0,296	-0,242	30,866
23,9	0,330	0,073	30,866
24,0	0,349	0,348	30,866
24,1	0,352	0,167	30,866
24,2	0,331	-0,219	30,866
24,3	0,282	-0,258	30,866
24,4	0,206	0,010	30,866
24,5	0,123	0,128	30,866
24,6	0,055	0,018	30,866
24,7	0,024	0,002	31,024
24,8	0,033	0,033	30,866
24,9	0,068	-0,045	30,866
25,0	0,108	-0,085	30,866
25,1	0,136	0,073	30,866
25,2	0,147	0,128	30,866
25,3	0,146	-0,053	30,866
25,4	0,140	-0,140	30,866
25,5	0,131	0,041	30,866
25,6	0,116	0,096	30,866
25,7	0,094	-0,053	30,866
25,8	0,070	-0,061	30,866
25,9	0,057	0,049	30,866
26,0	0,073	-0,022	31,024
26,1	0,125	-0,093	30,866
26,2	0,205	0,136	30,866
26,3	0,293	0,254	30,866
26,4	0,363	-0,100	30,866
26,5	0,399	-0,400	30,866
26,6	0,399	-0,069	30,866
26,7	0,375	0,348	30,866
26,8	0,344	0,159	30,866
26,9	0,319	-0,274	30,866
27,0	0,297	-0,187	30,866
27,1	0,272	0,175	30,866
27,2	0,232	0,199	31,024
27,3	0,177	-0,053	30,866
27,4	0,117	-0,124	30,866
27,5	0,066	-0,014	30,866
27,6	0,038	0,026	30,866
27,7	0,038	-0,030	30,866
27,8	0,058	-0,037	30,709
27,9	0,086	0,057	30,709
28,0	0,112	0,104	30,866
28,1	0,131	0,033	30,866
28,2	0,141	-0,108	30,866
28,3	0,145	-0,132	30,866
28,4	0,143	0,002	30,866
28,5	0,137	0,128	30,866
28,6	0,132	0,104	30,866
28,7	0,135	0,002	30,866
28,8	0,150	-0,116	30,866
28,9	0,176	-0,171	30,866
29,0	0,205	0,002	30,866
29,1	0,222	0,199	30,866
29,2	0,217	0,152	30,866
29,3	0,189	-0,061	30,866
29,4	0,147	-0,156	30,866
29,5	0,105	-0,061	30,866
29,6	0,075	0,010	30,866
29,7	0,059	0,057	30,866
29,8	0,052	0,033	30,866
29,9	0,049	-0,006	30,866
30,0	0,043	-0,053	30,866
30,1	0,035	-0,014	30,866
30,2	0,028	0,010	30,866
30,3	0,024	-0,022	30,866
30,4	0,021	-0,014	30,866
30,5	0,019	0,018	30,709
30,6	0,018	0,010	30,866
30,7	0,022	0,002	30,866
30,8	0,032	0,033	30,866
30,9	0,047	0,018	30,866
31,0	0,061	-0,045	30,866
31,1	0,065	-0,061	30,866
31,2	0,057	0,002	30,866
31,3	0,043	0,033	30,866
31,4	0,030	0,026	30,866
31,5	0,026	-0,014	30,866
31,6	0,032	-0,030	30,866
31,7	0,043	-0,030	30,866
31,8	0,054	0,026	30,866
31,9	0,062	0,057	30,866
32,0	0,068	0,018	30,866
32,1	0,075	-0,069	30,866
32,2	0,080	-0,061	30,866
32,3	0,079	0,026	30,866
32,4	0,070	0,065	30,866
32,5	0,052	0,018	30,866
32,6	0,032	-0,030	30,866
32,7	0,019	-0,022	30,866
32,8	0,018	-0,006	30,866
32,9	0,029	-0,030	30,866
33,0	0,046	-0,030	30,709
33,1	0,061	0,018	30,866
33,2	0,070	0,073	30,866
33,3	0,075	0,041	30,866
33,4	0,079	-0,030	30,866
33,5	0,083	-0,085	30,866
33,6	0,086	-0,045	30,866
33,7	0,086	0,041	30,866
33,8	0,083	0,081	30,866
33,9	0,078	0,057	30,866
34,0	0,076	0,002	30,866
34,1	0,076	-0,061	30,866
34,2	0,077	-0,077	30,866
34,3	0,076	-0,022	30,866
34,4	0,071	0,033	30,866
34,5	0,063	0,065	30,866
34,6	0,055	0,041	30,866
34,7	0,048	0,010	30,866
34,8	0,042	-0,030	30,866
34,9	0,037	-0,037	30,866
35,0	0,033	-0,022	30,866
35,1	0,031	-0,006	30,866
35,2	0,033	0,018	30,866
35,3	0,040	0,033	30,866
35,4	0,050	0,049	30,866
35,5	0,060	0,002	30,866
35,6	0,067	-0,053	30,866
35,7	0,070	-0,061	30,866
35,8	0,065	0,002	30,866
35,9	0,055	0,049	30,866
36,0	0,040	0,033	30,866
36,1	0,025	-0,006	30,866
36,2	0,016	-0,014	30,866
36,3	0,015	0,002	30,866
36,4	0,020	-0,022	30,866
36,5	0,026	-0,014	30,866
36,6	0,029	0,026	30,866
36,7	0,028	0,018	30,866
36,8	0,024	-0,006	30,866
36,9	0,020	-0,022	30,709
37,0	0,021	0,010	30,866
37,1	0,026	0,026	30,866
37,2	0,031	-0,006	30,866
37,3	0,034	-0,030	30,866
37,4	0,033	0,010	30,866
37,5	0,030	0,033	30,866
37,6	0,027	0,002	30,866
37,7	0,026	-0,022	30,866
37,8	0,025	0,002	30,866
37,9	0,024	0,026	30,866
38,0	0,022	-0,014	30,866
38,1	0,021	-0,014	30,709
38,2	0,021	0,010	30,866
38,3	0,025	0,026	30,866
38,4	0,032	-0,006	30,709
38,5	0,039	-0,037	30,866
38,6	0,042	-0,014	30,866
38,7	0,039	0,033	30,866
38,8	0,032	0,026	30,866
38,9	0,025	0,002	30,866
39,0	0,023	-0,022	30,866
39,1	0,026	-0,014	30,866
39,2	0,033	0,026	30,866
39,3	0,040	0,033	30,866
39,4	0,045	0,002	30,709
39,5	0,049	-0,045	30,709
39,6	0,052	-0,037	30,709
39,7	0,057	0,033	30,866
39,8	0,062	0,049	30,866
39,9	0,066	-0,037	30,866
40,0	0,067	-0,061	30,866
40,1	0,066	0,010	30,866
40,2	0,064	0,065	30,866
40,3	0,065	0,026	30,866
40,4	0,067	-0,053	30,866
40,5	0,067	-0,045	30,866
40,6	0,061	0,033	30,866
40,7	0,049	0,049	30,866
40,8	0,036	-0,014	30,709
40,9	0,028	-0,022	30,709
41,0	0,028	0,010	30,866
41,1	0,034	0,033	30,866
41,2	0,043	-0,006	30,866
41,3	0,051	-0,053	30,866
41,4	0,056	-0,014	30,866
41,5	0,059	0,049	30,866
41,6	0,058	0,041	30,866
41,7	0,051	-0,006	30,866
41,8	0,037	-0,045	30,866
41,9	0,021	-0,006	30,866
42,0	0,009	0,002	30,866
42,1	0,010	-0,006	30,709
42,2	0,021	-0,006	30,709
42,3	0,036	0,041	30,866
42,4	0,044	0,010	30,866
42,5	0,040	-0,030	30,866
42,6	0,027	-0,022	30,866
42,7	0,016	-0,014	30,866
42,8	0,015	-0,006	30,866
42,9	0,025	0,010	30,866
43,0	0,040	0,041	30,866
43,1	0,050	0,010	30,866
43,2	0,050	-0,037	30,866
43,3	0,040	-0,037	30,866
43,4	0,027	0,002	30,866
43,5	0,018	0,018	30,709
43,6	0,014	0,002	30,709
43,7	0,015	-0,014	30,709
43,8	0,018	-0,006	30,866
43,9	0,019	0,018	30,866
44,0	0,019	0,002	30,866
44,1	0,018	-0,022	30,866
44,2	0,018	-0,006	30,866
44,3	0,018	-0,006	30,866
44,4	0,018	0,018	30,866
44,5	0,018	0,018	30,709
44,6	0,019	0,002	30,866
44,7	0,020	-0,006	30,866
44,8	0,022	-0,022	30,866
44,9	0,025	-0,022	30,866
45,0	0,028	-0,014	30,866
45,1	0,028	0,018	30,866
45,2	0,027	0,026	30,866
45,3	0,023	0,002	30,866
45,4	0,019	-0,014	30,866
45,5	0,014	-0,014	30,866
45,6	0,011	0,002	30,866
45,7	0,009	0,010	30,866
45,8	0,009	0,002	30,709
45,9	0,010	-0,006	30,709
46,0	0,013	0,010	30,709
46,1	0,015	0,002	30,709
46,2	0,018	-0,022	30,866
46,3	0,023	-0,014	30,866
46,4	0,031	-0,030	30,866
46,5	0,042	-0,022	30,866
46,6	0,051	0,026	30,866
46,7	0,057	0,057	30,866
46,8	0,057	0,018	30,866
46,9	0,053	-0,037	30,866
47,0	0,047	-0,045	30,866
47,1	0,042	0,010	30,866
47,2	0,038	0,033	30,866
47,3	0,034	0,018	30,709
47,4	0,029	-0,022	30,709
47,5	0,022	-0,022	30,866
47,6	0,017	-0,006	30,866
47,7	0,014	0,010	30,866
47,8	0,013	-0,006	30,866
47,9	0,012	0,002	30,866
48,0	0,012	0,010	30,866
48,1	0,013	-0,014	30,866
48,2	0,016	-0,006	30,866
48,3	0,022	0,002	30,866
48,4	0,030	0,033	30,866
48,5	0,036	0,002	30,709
48,6	0,039	-0,037	30,866
48,7	0,039	-0,014	30,866
48,8	0,037	0,033	30,866
48,9	0,034	0,010	30,866
49,0	0,030	-0,030	30,866
49,1	0,024	-0,014	30,866
49,2	0,017	0,010	30,866
49,3	0,011	0,002	30,866
49,4	0,008	0,010	30,866
49,5	0,010	0,010	30,866
49,6	0,015	0,010	30,866
49,7	0,021	-0,014	30,866
49,8	0,028	-0,022	30,866
49,9	0,035	0,018	30,709
50,0	0,043	0,041	30,866
50,1	0,051	-0,006	30,709
50,2	0,057	-0,053	30,866
50,3	0,059	-0,037	30,866
50,4	0,058	0,026	30,866
50,5	0,056	0,057	30,866
50,6	0,052	0,026	30,866
50,7	0,049	-0,022	30,866
50,8	0,045	-0,045	30,866
50,9	0,038	-0,014	30,866
51,0	0,029	0,026	30,866
51,1	0,020	0,010	30,709
51,2	0,014	0,018	30,709
51,3	0,014	0,010	30,709
51,4	0,018	0,010	30,866
51,5	0,025	-0,022	30,866
51,6	0,030	-0,022	30,866
51,7	0,033	0,002	30,866
51,8	0,033	0,033	30,866
51,9	0,032	0,026	30,866
52,0	0,030	0,002	30,866
52,1	0,031	-0,022	30,866
52,2	0,034	-0,030	30,866
52,3	0,038	-0,030	30,866
52,4	0,042	0,010	30,866
52,5	0,045	0,041	30,709
52,6	0,045	0,033	30,709
52,7	0,045	-0,014	30,709
52,8	0,045	-0,045	30,866
52,9	0,044	-0,022	30,866
53,0	0,044	0,010	30,866
53,1	0,041	0,049	30,866
53,2	0,036	0,018	30,866
53,3	0,031	-0,006	30,866
53,4	0,027	-0,014	30,866
53,5	0,024	-0,030	30,866
53,6	0,021	-0,006	30,866
53,7	0,017	0,010	30,709
53,8	0,011	0,010	30,709
53,9	0,007	0,002	30,709
54,0	0,006	0,010	30,866
54,1	0,009	-0,006	30,866
54,2	0,014	0,002	30,866
54,3	0,019	-0,014	30,866
54,4	0,020	-0,022	30,866
54,5	0,019	-0,006	30,866
54,6	0,016	0,010	30,866
54,7	0,014	0,010	30,866
54,8	0,013	0,010	30,866
54,9	0,012	-0,006	30,709
55,0	0,012	-0,014	30,866
55,1	0,011	-0,006	30,709
55,2	0,012	0,002	30,709
55,3	0,014	0,010	30,866
55,4	0,016	-0,014	30,709
55,5	0,019	-0,014	30,866
55,6	0,020	0,018	30,866
55,7	0,020	0,010	30,866
55,8	0,019	0,002	30,866
55,9	0,018	-0,022	30,866
56,0	0,018	-0,014	30,866
56,1	0,019	0,010	30,866
56,2	0,019	0,010	30,866
56,3	0,019	0,018	30,709
56,4	0,019	-0,006	30,709
56,5	0,019	-0,022	30,709
56,6	0,019	-0,006	30,709
56,7	0,017	0,010	30,709
56,8	0,015	0,010	30,866
56,9	0,014	-0,014	30,866
57,0	0,014	-0,006	30,866
57,1	0,016	0,010	30,866
57,2	0,020	0,018	30,866
57,3	0,023	-0,014	30,709
57,4	0,026	-0,022	30,866
57,5	0,027	0,002	30,866
57,6	0,027	0,026	30,709
57,7	0,026	0,018	30,709
57,8	0,025	-0,022	30,709
57,9	0,024	-0,014	30,709
58,0	0,022	-0,014	30,866
58,1	0,019	0,010	30,866
58,2	0,014	0,018	30,709
58,3	0,009	0,002	30,866
58,4	0,008	0,002	30,866
58,5	0,008	-0,006	30,866
58,6	0,010	0,010	30,866
58,7	0,011	0,010	30,866
58,8	0,011	-0,006	30,866
58,9	0,009	-0,006	30,866
59,0	0,008	0,002	30,709
59,1	0,007	-0,006	30,709
59,2	0,008	0,010	30,866
59,3	0,008	-0,006	30,866
59,4	0,008	-0,006	30,866
59,5	0,007	0,002	30,866
59,6	0,008	0,002	30,866
59,7	0,010	0,010	30,866
59,8	0,013	0,010	30,866
59,9	0,014	-0,014	30,866
60,0	0,013	-0,006	30,709
60,1	0,011	-0,006	30,866
60,2	0,009	0,002	30,709
60,3	0,009	0,010	30,709
60,4	0,009	0,010	30,866
60,5	0,009	0,002	30,866
60,6	0,008	0,002	30,866
60,7	0,005	-0,006	30,866
60,8	0,003	0,002	30,866
60,9	0,003	-0,006	30,866
61,0	0,005	0,002	30,866
61,1	0,008	0,002	30,866
61,2	0,011	0,010	30,866
61,3	0,014	0,010	30,866
61,4	0,015	-0,006	30,866
61,5	0,016	-0,014	30,709
61,6	0,016	-0,014	30,709
61,7	0,015	0,002	30,709
61,8	0,013	0,010	30,709
61,9	0,010	0,010	30,866
62,0	0,009	-0,006	30,866
62,1	0,008	-0,006	30,866
62,2	0,008	0,002	30,866
62,3	0,009	-0,006	30,866
62,4	0,010	-0,014	30,866
62,5	0,009	0,002	30,866
62,6	0,008	0,002	30,866
62,7	0,008	-0,006	30,866
62,8	0,008	0,002	30,709
62,9	0,008	0,010	30,709
63,0	0,008	0,002	30,709
63,1	0,007	-0,006	30,866
63,2	0,004	0,002	30,866
63,3	0,003	0,002	30,866
63,4	0,002	0,002	30,866
63,5	0,004	0,002	30,866
63,6	0,006	-0,006	30,866
63,7	0,007	0,002	30,866
63,8	0,007	0,002	30,866
63,9	0,006	-0,006	30,866
64,0	0,006	-0,006	30,866
64,1	0,007	-0,006	30,866
64,2	0,009	0,002	30,709
64,3	0,012	0,010	30,866
64,4	0,013	-0,006	30,866
64,5	0,014	-0,014	30,709
64,6	0,013	0,002	30,866
64,7	0,011	0,010	30,866
64,8	0,010	-0,006	30,866
64,9	0,008	-0,006	30,709
65,0	0,006	0,002	30,866
65,1	0,005	-0,006	30,866
65,2	0,005	-0,006	30,866
65,3	0,006	-0,006	30,866
65,4	0,009	-0,006	30,709
65,5	0,011	-0,006	30,709
65,6	0,012	0,002	30,866
65,7	0,010	0,010	30,709
65,8	0,007	0,002	30,866
65,9	0,007	-0,006	30,866
66,0	0,008	0,002	30,866
66,1	0,012	0,002	30,866
66,2	0,014	0,018	30,866
66,3	0,013	0,002	30,866
66,4	0,010	-0,006	30,866
66,5	0,006	-0,006	30,866
66,6	0,004	0,002	30,709
66,7	0,005	-0,006	30,709
66,8	0,008	-0,006	30,866
66,9	0,010	0,002	30,709
67,0	0,012	0,010	30,866
67,1	0,012	0,010	30,866
67,2	0,011	-0,006	30,866
67,3	0,009	-0,006	30,866
67,4	0,007	-0,006	30,866
67,5	0,004	0,002	30,866
67,6	0,003	0,002	30,866
67,7	0,003	0,002	30,866
67,8	0,006	0,002	30,866
67,9	0,010	0,002	30,866
68,0	0,013	-0,014	30,866
68,1	0,015	-0,014	30,709
68,2	0,016	0,002	30,709
68,3	0,017	0,002	30,709
68,4	0,019	0,026	30,709
68,5	0,021	0,002	30,709
68,6	0,020	-0,006	30,866
68,7	0,017	-0,022	30,866
68,8	0,013	-0,006	30,866
68,9	0,009	0,002	30,866
69,0	0,007	-0,006	30,866
69,1	0,008	0,002	30,866
69,2	0,009	0,010	30,866
69,3	0,009	0,002	30,709
69,4	0,008	-0,006	30,709
69,5	0,006	-0,006	30,709
69,6	0,006	-0,006	30,709
69,7	0,008	-0,006	30,866
69,8	0,011	-0,006	30,866
69,9	0,013	0,010	30,866
70,0	0,014	0,002	30,866
70,1	0,014	-0,014	30,866
70,2	0,013	0,002	30,866
70,3	0,012	-0,006	30,866
70,4	0,011	0,018	30,866
70,5	0,010	0,002	30,709
70,6	0,010	0,010	30,709
70,7	0,010	0,002	30,709
70,8	0,011	-0,006	30,709
70,9	0,013	-0,014	30,866
71,0	0,014	0,010	30,709
71,1	0,015	0,010	30,866
71,2	0,015	0,010	30,866
71,3	0,015	-0,006	30,709
71,4	0,014	-0,014	30,866
71,5	0,013	-0,014	30,866
71,6	0,010	0,002	30,866
71,7	0,008	-0,006	30,866
71,8	0,007	-0,006	30,709
71,9	0,008	0,002	30,709
72,0	0,014	0,010	30,709
72,1	0,026	-0,022	30,709
72,2	0,044	-0,037	30,866
72,3	0,067	-0,006	30,709
72,4	0,091	0,081	30,866
72,5	0,113	0,089	30,709
72,6	0,125	-0,037	30,709
72,7	0,124	-0,124	30,866
72,8	0,109	-0,045	30,866
72,9	0,085	0,049	30,866
73,0	0,060	0,065	30,866
73,1	0,039	0,010	30,709
73,2	0,026	-0,006	30,709
73,3	0,020	-0,022	30,709
73,4	0,017	-0,014	30,709
73,5	0,015	-0,006	30,709
73,6	0,015	0,002	30,866
73,7	0,015	0,010	30,866
73,8	0,018	0,010	30,709
73,9	0,022	0,026	30,866
74,0	0,024	0,010	30,866
74,1	0,023	-0,014	30,866
74,2	0,018	-0,014	30,866
74,3	0,014	-0,014	30,866
74,4	0,011	0,002	30,866
74,5	0,010	0,002	30,709
74,6	0,011	0,010	30,709
74,7	0,012	0,010	30,709
74,8	0,010	-0,006	30,709
74,9	0,008	-0,006	30,866
75,0	0,006	-0,006	30,866
75,1	0,007	0,002	30,866
75,2	0,010	0,002	30,866
75,3	0,012	0,010	30,866
75,4	0,012	0,010	30,866
75,5	0,010	-0,006	30,866
75,6	0,007	0,010	30,866
75,7	0,005	0,002	30,866
75,8	0,005	0,002	30,709
75,9	0,009	0,002	30,866
76,0	0,014	-0,014	30,709
76,1	0,017	-0,006	30,709
76,2	0,018	0,018	30,709
76,3	0,017	0,010	30,709
76,4	0,015	0,010	30,551
76,5	0,013	-0,014	30,551
76,6	0,012	-0,006	30,551
76,7	0,013	-0,014	30,394
76,8	0,015	0,010	29,449
76,9	0,017	0,010	26,457
77,0	0,018	0,018	23,150
77,1	0,017	0,010	19,528
77,2	0,015	-0,006	15,906
77,3	0,011	-0,006	11,969
77,4	0,008	-0,006	8,346
77,5	0,006	-0,006	5,827
77,6	0,006	-0,006	3,937
77,7	0,006	-0,006	2,677
77,8	0,007	-0,006	1,732
77,9	0,006	-0,006	1,102
78,0	0,006	-0,006	0,787
78,1	0,006	-0,006	0,630
78,2	0,007	-0,006	0,630
78,3	0,009	-0,006	0,630
78,4	0,010	-0,006	0,787
78,5	0,009	0,002	0,945
78,6	0,007	0,002	0,945
78,7	0,005	0,002	1,102
78,8	0,004	0,002	1,102
78,9	0,003	0,002	1,102
79,0	0,004	0,002	1,260
79,1	0,004	0,002	1,260
79,2	0,003	0,002	1,260
79,3	0,003	0,002	1,417
79,4	0,002	0,002	1,417
79,5	0,002	0,002	1,417
79,6	0,003	0,002	1,417
79,7	0,003	0,002	1,417
79,8	0,002	0,002	1,417
79,9	0,002	0,002	1,417
80,0	0,002	0,002	1,417
80,1	0,002	0,002	1,417
80,2	0,003	0,002	1,575
80,3	0,004	0,002	1,575
80,4	0,005	-0,006	1,575
80,5	0,005	0,002	1,575
80,6	0,005	0,002	1,575
80,7	0,005	0,002	1,575
80,8	0,005	0,002	1,575
80,9	0,005	-0,006	1,575
81,0	0,005	0,002	1,575
81,1	0,005	0,002	1,575
81,2	0,005	0,002	1,575
81,3	0,004	-0,006	1,575
81,4	0,004	0,002	1,575
81,5	0,004	0,002	1,575
81,6	0,003	0,002	1,575
81,7	0,003	0,002	1,575
81,8	0,003	0,002	1,575
81,9	0,004	-0,006	1,575
82,0	0,006	0,002	1,575
82,1	0,007	-0,006	1,575
82,2	0,007	-0,006	1,575
82,3	0,006	0,002	1,575
82,4	0,005	0,002	1,575
82,5	0,003	0,002	1,575
82,6	0,002	0,002	1,575
82,7	0,002	0,002	1,575
82,8	0,003	0,002	1,575
82,9	0,004	0,002	1,575
83,0	0,005	0,002	1,575
83,1	0,005	-0,006	1,575
83,2	0,005	0,002	1,575
83,3	0,005	-0,006	1,575
83,4	0,004	0,002	1,575
83,5	0,004	0,002	1,575
83,6	0,004	0,002	1,575
83,7	0,005	-0,006	1,575
83,8	0,006	0,002	1,575
83,9	0,006	-0,006	1,575
84,0	0,005	0,002	1,575
84,1	0,004	0,002	1,575
84,2	0,003	0,002	1,575
84,3	0,003	0,002	1,575
84,4	0,004	0,002	1,575
84,5	0,005	-0,006	1,575
84,6	0,006	0,002	1,575
84,7	0,005	0,002	1,575
84,8	0,003	0,002	1,575
84,9	0,002	0,002	1,575
85,0	0,002	0,002	1,575
85,1	0,003	0,002	1,575
85,2	0,003	0,002	1,575
85,3	0,002	0,002	1,575
85,4	0,002	0,002	1,575
85,5	0,002	0,002	1,575
85,6	0,002	0,002	1,575
85,7	0,004	0,002	1,575
85,8	0,005	0,002	1,575
85,9	0,005	-0,006	1,575
86,0	0,004	0,002	1,575
86,1	0,004	0,002	1,575
86,2	0,004	0,002	1,575
86,3	0,005	-0,006	1,575
86,4	0,005	0,002	1,575
86,5	0,004	0,002	1,575
86,6	0,003	0,002	1,575
86,7	0,002	0,002	1,575
86,8	0,002	0,002	1,575
86,9	0,002	0,002	1,575
87,0	0,002	0,002	1,575
87,1	0,002	0,002	1,575
87,2	0,002	0,002	1,575
87,3	0,002	0,002	1,575
87,4	0,002	0,002	1,575
87,5	0,003	0,002	1,575
87,6	0,005	0,002	1,575
87,7	0,005	-0,006	1,575
87,8	0,004	0,002	1,575
87,9	0,004	0,002	1,575
88,0	0,004	0,002	1,575
88,1	0,005	-0,006	1,575
88,2	0,005	0,002	1,575
88,3	0,005	0,002	1,575
88,4	0,003	0,002	1,575
88,5	0,002	0,002	1,575
88,6	0,001	0,002	1,575
88,7	0,002	0,002	1,575
88,8	0,004	0,002	1,575
88,9	0,005	0,002	1,575
89,0	0,005	-0,006	1,575
89,1	0,004	0,002	1,575
89,2	0,004	0,002	1,575
89,3	0,004	0,002	1,575
89,4	0,004	0,002	1,575
89,5	0,005	-0,006	1,575
89,6	0,005	0,002	1,575
89,7	0,004	0,002	1,575
89,8	0,003	0,002	1,575
89,9	0,002	0,002	1,575
90,0	0,001	0,002	1,575
90,1	0,002	0,002	1,575
90,2	0,003	0,002	1,575
90,3	0,005	0,002	1,575
90,4	0,005	-0,006	1,575
90,5	0,005	0,002	1,575
90,6	0,004	0,002	1,575
90,7	0,003	0,002	1,575
90,8	0,002	0,002	1,575
90,9	0,002	0,002	1,575
91,0	0,003	0,002	1,575
91,1	0,004	0,002	1,575
91,2	0,005	-0,006	1,575
91,3	0,005	0,002	1,575
91,4	0,005	0,002	1,575
91,5	0,003	0,002	1,575
91,6	0,002	0,002	1,575
91,7	0,002	0,002	1,575
91,8	0,002	0,002	1,575
91,9	0,003	0,002	1,575
92,0	0,003	0,002	1,575
92,1	0,002	0,002	1,575
92,2	0,001	0,002	1,575
92,3	0,002	0,002	1,575
92,4	0,003	0,002	1,575
92,5	0,005	0,002	1,575
92,6	0,006	-0,006	1,575
92,7	0,005	0,002	1,575
92,8	0,004	0,002	1,575
92,9	0,003	0,002	1,575
93,0	0,003	0,002	1,575
93,1	0,003	0,002	1,575
93,2	0,003	0,002	1,575
93,3	0,003	0,002	1,575
93,4	0,002	0,002	1,575
93,5	0,002	0,002	1,575
93,6	0,004	0,002	1,575
93,7	0,006	0,002	1,575
93,8	0,007	-0,006	1,575
93,9	0,007	-0,006	1,575
94,0	0,006	0,002	1,575
94,1	0,004	0,002	1,575
94,2	0,004	0,002	1,575
94,3	0,004	0,002	1,575
94,4	0,005	0,002	1,575
94,5	0,006	-0,006	1,575
94,6	0,005	0,002	1,575
94,7	0,004	0,002	1,575
94,8	0,003	0,002	1,575
94,9	0,004	0,002	1,575
95,0	0,005	0,002	1,575
95,1	0,006	-0,006	1,575
95,2	0,006	0,002	1,575
95,3	0,005	-0,006	1,575
95,4	0,005	0,002	1,575
95,5	0,004	0,002	1,575
95,6	0,004	0,002	1,575
95,7	0,003	0,002	1,575
95,8	0,003	0,002	1,575
95,9	0,002	0,002	1,575
96,0	0,003	0,002	1,575
96,1	0,003	0,002	1,575
96,2	0,004	0,002	1,575
96,3	0,005	0,002	1,575
96,4	0,005	0,002	1,575
96,5	0,005	-0,006	1,575
96,6	0,006	0,002	1,575
96,7	0,006	-0,006	1,575
96,8	0,005	0,002	1,575
96,9	0,004	0,002	1,575
97,0	0,003	0,002	1,575
97,1	0,002	0,002	1,575
97,2	0,003	0,002	1,575
97,3	0,004	0,002	1,575
97,4	0,006	-0,006	1,575
97,5	0,006	0,002	1,575
97,6	0,005	0,002	1,575
97,7	0,005	0,002	1,575
97,8	0,005	0,002	1,575
97,9	0,005	0,002	1,575
98,0	0,004	0,002	1,575
98,1	0,004	0,002	1,575
98,2	0,004	0,002	1,575
98,3	0,004	0,002	1,575
98,4	0,006	0,002	1,575
98,5	0,006	0,002	1,575
98,6	0,006	0,002	1,575
98,7	0,005	0,002	1,575
98,8	0,005	0,002	1,575
98,9	0,007	-0,006	1,575
99,0	0,009	0,002	1,575
99,1	0,009	-0,006	1,575
99,2	0,005	0,002	1,575
99,3	0,002	0,002	1,575
99,4	0,002	0,002	1,575
99,5	0,005	0,002	1,575
99,6	0,009	0,002	1,575
99,7	0,009	0,002	1,575
99,8	0,005	-0,006	1,575
99,9	0,002	0,002	1,575
