Zählrohrwinkel	Rate bei 35kV
2*theta/°	R(35kV)/Imp/s

26,0	39,0
26,1	43,0
26,2	43,0
26,3	52,0
26,4	76,0
26,5	85,0
26,6	113,0
26,7	117,0
26,8	146,0
26,9	164,0
27,0	183,0
27,1	182,0
27,2	216,0
27,3	219,0
27,4	238,0
27,5	256,0
27,6	281,0
27,7	277,0
27,8	274,0
27,9	269,0
28,0	278,0
28,1	274,0
28,2	272,0
28,3	263,0
28,4	255,0
28,5	247,0
28,6	234,0
28,7	236,0
28,8	222,0
28,9	206,0
29,0	181,0
29,1	185,0
29,2	164,0
29,3	155,0
29,4	154,0
29,5	129,0
29,6	110,0
29,7	100,0
29,8	90,0
29,9	84,0
30,0	75,0
