# T/K   t/s     rho/kg/m^3      eta/Pa*s
293.15  39.90
293.15  39.27
293.15  39.61
293.15  38.93
296.15  37.92
296.15  36.39
296.15  36.94
296.15  36.61
299.15  35.61
299.15  34.52
299.15  35.11
299.15  34.49
302.15  32.74
302.15  31.61
302.15  32.33
302.15  31.83
305.15  30.80
305.15  30.27
305.15  30.52
305.15  30.22
308.15  28.33
308.15  28.80
308.15  28.33
308.15  28.22
311.15  27.77
311.15  27.43
311.15  27.76
311.15  27.35
314.15  26.48
314.15  25.02
314.15  26.09
314.15  25.36
317.15  24.61
317.15  24.40
317.15  24.25
317.15  24.38
320.15  23.42
320.15  22.80
320.15  23.05
320.15  22.95
323.15  21.55
323.15  21.71
323.15  21.58
323.15  22.08