#6400 rpm
#Messtiefe µs   f_diff Hz   Geschw cm/s     Intensität kV²/s
12              0           0               14
12.5            0           0               24
13              155         38.5            32
13.5            188         45.1            34
14              183         53.0            34
14.5            181         55.7            42
15              180         55.7            49
15.5            173         45.1            55
16              148         35.8            64
16.5            145         26.5            58            
17              0           0               25
17.5            0           0               11
18              0           0               8
18.5            0           0               8
19              0           0               6
