# U/V I/A
   -12    12e-9
   -11    12e-9
   -10    12e-9
    -9    12e-9
    -8    12e-9
    -7    11e-9
    -6    11e-9
    -5    10e-9
    -4     9e-9
    -3     8e-9
    -2     6e-9
    -1     4e-9
   0e-3  1.000e-9
 20e-3  0.900e-9
 40e-3  0.810e-9
 60e-3  0.720e-9
 80e-3  0.640e-9
100e-3  0.550e-9
120e-3  0.475e-9
140e-3  0.400e-9
160e-3  0.350e-9
180e-3  0.290e-9
200e-3  0.230e-9
220e-3  0.190e-9
240e-3  0.150e-9
260e-3  0.100e-9
280e-3  0.100e-9
300e-3  0.090e-9
320e-3  0.060e-9
340e-3  0.050e-9
360e-3  0.040e-9
380e-3  0.010e-9
400e-3  0.010e-9
420e-3  0.005e-9
440e-3  0.000e-9