1.1446      0              0
1.0974      -0.042111      0.000001
0.9912      -0.143894      0.0000025
0.885       -0.257223      0.000005
0.767       -0.400324      0.0000075
0.6608      -0.549359      0.00001
0.5546      -0.724563      0.0000125
0.4838      -0.861139      0.000015
0.413       -1,01936       0.0000175
0.354       -1.17351       0.00002
0.2832      -1.39666       0.0000225
0.2242      -1.63027       0.000025
0.1888      -1.80212       0.0000275
0.1416      -2.0898        0.000030
0.0944      -2.49527       0.0000325
0.0708      -2.78295       0.000034