time [µs]	Amp[V]	HF [V]	TGC [dB]
0,0	0,239	0,002	1,575
0,1	0,590	0,017	1,732
0,2	0,925	0,994	1,260
0,3	1,104	-0,463	0,630
0,4	1,099	-1,014	2,047
0,5	1,002	-0,439	2,047
0,6	0,944	0,403	1,732
0,7	0,985	0,813	1,417
0,8	1,075	0,994	1,260
0,9	1,121	0,529	1,575
1,0	1,088	-1,014	1,890
1,1	1,031	-0,164	1,732
1,2	1,036	0,994	1,417
1,3	1,125	0,261	1,417
1,4	1,217	-1,014	1,575
1,5	1,203	-1,014	1,732
1,6	1,041	0,072	1,575
1,7	0,814	0,954	1,417
1,8	0,669	0,017	1,575
1,9	0,708	0,616	1,575
2,0	0,915	0,505	1,575
2,1	1,166	-1,014	1,575
2,2	1,320	-1,014	1,732
2,3	1,297	-0,266	1,575
2,4	1,111	0,994	1,575
2,5	0,836	0,726	1,417
2,6	0,565	-0,250	1,575
2,7	0,370	-0,258	1,575
2,8	0,291	-0,124	1,575
2,9	0,322	-0,384	1,575
3,0	0,416	-0,164	1,575
3,1	0,496	0,379	1,417
3,2	0,495	0,403	1,575
3,3	0,395	-0,109	1,575
3,4	0,236	-0,227	1,575
3,5	0,092	-0,014	1,575
3,6	0,018	0,033	1,575
3,7	0,020	-0,022	1,575
3,8	0,058	0,033	1,575
3,9	0,083	0,065	1,575
4,0	0,072	-0,006	1,575
4,1	0,038	-0,038	1,575
4,2	0,009	-0,006	1,575
4,3	0,001	0,002	1,575
4,4	0,009	-0,006	1,575
4,5	0,018	0,002	1,575
4,6	0,018	0,009	1,575
4,7	0,012	-0,014	1,575
4,8	0,009	-0,006	1,575
4,9	0,014	0,009	1,575
5,0	0,023	0,017	1,575
5,1	0,026	-0,006	1,575
5,2	0,021	-0,014	1,575
5,3	0,011	-0,006	1,575
5,4	0,004	-0,006	1,575
5,5	0,005	-0,006	1,575
5,6	0,010	0,002	1,575
5,7	0,014	0,009	1,575
5,8	0,014	0,002	1,575
5,9	0,010	-0,006	1,575
6,0	0,008	-0,006	1,575
6,1	0,011	0,009	1,102
6,2	0,016	0,009	2,362
6,3	0,020	0,002	3,937
6,4	0,019	-0,014	5,354
6,5	0,015	-0,014	6,299
6,6	0,011	-0,006	7,087
6,7	0,012	0,009	7,559
6,8	0,019	0,017	8,031
6,9	0,026	0,017	8,504
7,0	0,030	0,002	8,819
7,1	0,029	-0,022	9,134
7,2	0,024	-0,022	9,449
7,3	0,020	-0,006	9,921
7,4	0,018	0,017	10,236
7,5	0,020	0,017	10,551
7,6	0,022	0,002	10,866
7,7	0,023	-0,006	11,181
7,8	0,022	-0,006	11,496
7,9	0,019	-0,022	11,811
8,0	0,016	-0,014	12,126
8,1	0,013	0,002	12,441
8,2	0,010	0,009	12,756
8,3	0,009	0,002	13,071
8,4	0,010	-0,006	13,386
8,5	0,011	0,002	13,701
8,6	0,013	0,002	14,016
8,7	0,013	-0,006	14,488
8,8	0,012	-0,014	14,803
8,9	0,012	-0,006	15,118
9,0	0,013	0,009	15,433
9,1	0,017	0,009	15,591
9,2	0,024	-0,006	15,906
9,3	0,029	-0,014	16,378
9,4	0,031	-0,030	16,693
9,5	0,031	-0,030	16,850
9,6	0,030	-0,014	17,165
9,7	0,031	0,017	17,480
9,8	0,034	0,033	17,795
9,9	0,038	0,017	18,268
10,0	0,040	-0,014	18,583
10,1	0,037	-0,030	18,898
10,2	0,031	-0,030	19,213
10,3	0,024	-0,022	19,528
10,4	0,020	-0,006	19,843
10,5	0,022	0,017	20,157
10,6	0,030	0,017	20,472
10,7	0,042	-0,014	20,630
10,8	0,055	-0,054	21,102
10,9	0,064	-0,054	21,417
11,0	0,067	-0,022	21,732
11,1	0,066	0,041	22,047
11,2	0,064	0,065	22,362
11,3	0,066	0,049	22,677
11,4	0,074	0,002	22,992
11,5	0,086	-0,046	23,465
11,6	0,095	-0,093	23,622
11,7	0,096	-0,085	24,094
11,8	0,087	-0,022	24,409
11,9	0,072	0,033	24,567
12,0	0,060	0,049	24,882
12,1	0,055	0,057	25,197
12,2	0,059	0,041	25,512
12,3	0,067	0,002	25,827
12,4	0,072	-0,054	26,142
12,5	0,071	-0,069	26,614
12,6	0,065	-0,046	26,772
12,7	0,058	-0,006	27,244
12,8	0,055	0,033	27,402
12,9	0,055	0,057	27,874
13,0	0,056	0,033	28,189
13,1	0,052	-0,022	28,346
13,2	0,042	-0,038	28,661
13,3	0,027	-0,022	28,976
13,4	0,012	-0,006	29,291
13,5	0,006	0,002	29,606
13,6	0,012	0,009	29,921
13,7	0,030	0,002	30,236
13,8	0,051	-0,046	30,709
13,9	0,067	-0,054	31,181
14,0	0,073	0,017	31,181
14,1	0,069	0,065	31,181
14,2	0,062	0,049	31,181
14,3	0,055	0,009	31,024
14,4	0,051	-0,038	31,024
14,5	0,047	-0,046	31,024
14,6	0,040	-0,022	31,024
14,7	0,032	0,017	31,024
14,8	0,026	0,017	30,866
14,9	0,025	0,025	30,866
15,0	0,030	0,002	31,024
15,1	0,038	-0,030	31,024
15,2	0,044	-0,046	31,024
15,3	0,046	0,002	31,024
15,4	0,042	0,017	31,024
15,5	0,037	0,033	31,024
15,6	0,034	0,041	31,024
15,7	0,034	0,017	31,024
15,8	0,036	-0,006	31,024
15,9	0,041	-0,006	31,024
16,0	0,045	-0,046	31,024
16,1	0,047	-0,046	31,024
16,2	0,047	-0,022	31,024
16,3	0,044	0,009	31,024
16,4	0,039	0,033	30,866
16,5	0,032	0,025	31,024
16,6	0,025	0,025	31,024
16,7	0,020	0,002	31,024
16,8	0,019	-0,006	31,024
16,9	0,022	-0,022	31,024
17,0	0,026	-0,014	31,024
17,1	0,028	-0,022	31,024
17,2	0,027	0,017	30,866
17,3	0,024	0,025	30,866
17,4	0,022	0,009	30,866
17,5	0,024	-0,006	30,866
17,6	0,028	-0,022	30,866
17,7	0,032	-0,030	31,024
17,8	0,034	-0,014	31,024
17,9	0,033	0,025	31,024
18,0	0,031	0,025	31,024
18,1	0,029	-0,014	31,024
18,2	0,026	0,009	30,866
18,3	0,023	0,033	31,024
18,4	0,021	0,017	30,866
18,5	0,022	-0,006	30,866
18,6	0,027	0,017	30,866
18,7	0,035	-0,006	30,866
18,8	0,039	-0,038	30,866
18,9	0,038	-0,038	31,024
19,0	0,031	0,009	31,024
19,1	0,024	0,002	30,866
19,2	0,021	0,009	31,024
19,3	0,023	0,025	30,866
19,4	0,026	0,025	31,024
19,5	0,025	0,017	31,024
19,6	0,021	0,002	31,024
19,7	0,018	-0,006	30,866
19,8	0,020	-0,006	30,866
19,9	0,029	-0,030	30,866
20,0	0,040	-0,030	30,866
20,1	0,045	0,017	30,866
20,2	0,041	0,041	30,866
20,3	0,029	0,009	30,866
20,4	0,018	-0,006	31,024
20,5	0,013	-0,014	31,024
20,6	0,016	-0,014	31,024
20,7	0,024	-0,006	31,024
20,8	0,030	0,025	30,866
20,9	0,031	0,025	30,866
21,0	0,029	0,025	30,866
21,1	0,026	0,002	30,866
21,2	0,025	-0,006	30,866
21,3	0,024	-0,022	30,866
21,4	0,024	-0,022	30,866
21,5	0,023	-0,014	30,866
21,6	0,021	0,009	30,866
21,7	0,018	0,017	30,866
21,8	0,015	0,009	30,866
21,9	0,014	-0,006	30,866
22,0	0,016	-0,014	30,866
22,1	0,020	0,002	30,866
22,2	0,023	0,025	30,866
22,3	0,024	0,002	30,866
22,4	0,021	-0,014	30,866
22,5	0,015	-0,014	30,866
22,6	0,012	0,009	30,866
22,7	0,015	-0,014	30,866
22,8	0,024	0,017	30,866
22,9	0,034	0,025	30,866
23,0	0,040	0,033	30,866
23,1	0,039	-0,014	30,866
23,2	0,033	-0,030	30,866
23,3	0,027	-0,022	30,866
23,4	0,026	-0,014	30,866
23,5	0,029	0,002	30,866
23,6	0,033	0,033	30,866
23,7	0,034	0,033	30,866
23,8	0,032	0,009	30,866
23,9	0,028	-0,006	30,866
24,0	0,025	0,002	30,866
24,1	0,025	-0,030	30,866
24,2	0,025	-0,022	30,866
24,3	0,023	0,002	30,866
24,4	0,020	0,017	30,866
24,5	0,017	-0,006	30,866
24,6	0,015	-0,014	30,866
24,7	0,015	-0,014	30,866
24,8	0,015	0,009	30,866
24,9	0,014	0,002	30,866
25,0	0,012	-0,006	30,866
25,1	0,010	0,009	30,709
25,2	0,010	0,009	30,866
25,3	0,012	0,009	30,866
25,4	0,015	-0,006	30,866
25,5	0,015	-0,006	30,866
25,6	0,013	0,002	30,866
25,7	0,009	-0,014	30,866
25,8	0,007	-0,006	31,024
25,9	0,008	-0,006	30,866
26,0	0,013	-0,006	30,866
26,1	0,020	-0,022	30,866
26,2	0,028	-0,006	30,866
26,3	0,033	0,025	30,866
26,4	0,035	0,033	30,866
26,5	0,034	0,002	30,709
26,6	0,032	-0,014	30,709
26,7	0,027	-0,030	30,866
26,8	0,020	-0,014	30,866
26,9	0,014	-0,006	31,024
27,0	0,011	0,009	30,866
27,1	0,013	0,009	30,866
27,2	0,019	0,002	30,866
27,3	0,027	-0,014	30,866
27,4	0,033	-0,038	30,866
27,5	0,034	-0,014	30,866
27,6	0,033	0,009	30,866
27,7	0,033	0,033	30,709
27,8	0,034	0,025	30,866
27,9	0,036	0,009	30,866
28,0	0,036	-0,022	30,866
28,1	0,032	-0,038	30,866
28,2	0,024	-0,006	30,866
28,3	0,015	-0,014	30,866
28,4	0,008	0,002	30,866
28,5	0,007	0,002	30,866
28,6	0,009	0,009	30,866
28,7	0,015	0,002	30,866
28,8	0,020	-0,014	30,866
28,9	0,024	-0,022	30,866
29,0	0,026	-0,014	30,709
29,1	0,025	0,017	30,866
29,2	0,023	0,017	30,866
29,3	0,021	0,017	30,866
29,4	0,022	0,002	30,866
29,5	0,025	-0,022	30,866
29,6	0,029	-0,022	30,866
29,7	0,029	-0,022	30,866
29,8	0,025	0,009	30,866
29,9	0,018	0,017	30,866
30,0	0,011	0,009	30,866
30,1	0,009	0,002	30,866
30,2	0,013	0,002	30,866
30,3	0,018	-0,006	30,866
30,4	0,020	-0,022	30,866
30,5	0,017	-0,014	30,866
30,6	0,011	0,002	30,866
30,7	0,007	0,002	30,866
30,8	0,007	0,002	30,866
30,9	0,012	0,009	30,866
31,0	0,018	-0,014	30,866
31,1	0,021	-0,022	30,866
31,2	0,021	-0,006	30,866
31,3	0,019	0,002	30,866
31,4	0,015	0,017	30,866
31,5	0,013	-0,006	30,866
31,6	0,013	-0,014	30,866
31,7	0,013	-0,006	30,866
31,8	0,013	-0,006	30,866
31,9	0,013	-0,006	30,866
32,0	0,012	0,009	30,866
32,1	0,010	0,009	30,866
32,2	0,009	0,002	30,866
32,3	0,008	-0,006	30,866
32,4	0,007	-0,006	30,866
32,5	0,007	0,002	30,866
32,6	0,005	0,002	30,866
32,7	0,004	0,002	30,866
32,8	0,002	0,002	30,866
32,9	0,003	0,002	30,866
33,0	0,007	-0,006	30,866
33,1	0,012	-0,006	30,866
33,2	0,016	0,002	30,866
33,3	0,016	0,017	30,866
33,4	0,012	0,009	30,866
33,5	0,006	0,002	30,866
33,6	0,003	0,002	30,866
33,7	0,004	0,002	30,866
33,8	0,006	-0,006	30,866
33,9	0,009	0,002	30,866
34,0	0,009	0,009	30,866
34,1	0,008	0,002	30,866
34,2	0,006	-0,006	30,866
34,3	0,006	0,002	30,709
34,4	0,008	-0,006	30,709
34,5	0,010	0,009	30,866
34,6	0,011	0,009	30,866
34,7	0,010	0,009	30,866
34,8	0,009	0,002	30,866
34,9	0,009	0,002	30,866
35,0	0,010	0,002	30,866
35,1	0,010	-0,014	30,866
35,2	0,011	-0,006	30,866
35,3	0,011	0,002	30,866
35,4	0,012	0,009	30,866
35,5	0,013	0,009	30,709
35,6	0,013	-0,006	30,709
35,7	0,013	-0,014	30,866
35,8	0,012	-0,006	30,866
35,9	0,011	-0,006	30,866
36,0	0,010	0,002	30,866
36,1	0,010	0,009	30,866
36,2	0,010	0,009	30,866
36,3	0,009	0,002	30,866
36,4	0,008	-0,006	30,866
36,5	0,009	0,002	30,866
36,6	0,012	-0,014	30,866
36,7	0,016	0,002	30,866
36,8	0,018	0,017	30,866
36,9	0,017	0,009	30,866
37,0	0,013	-0,006	30,866
37,1	0,009	-0,006	30,866
37,2	0,007	-0,006	30,866
37,3	0,008	-0,006	30,866
37,4	0,011	0,009	30,866
37,5	0,014	0,009	30,866
37,6	0,015	0,009	30,866
37,7	0,013	-0,006	30,866
37,8	0,010	-0,006	30,866
37,9	0,008	-0,006	30,866
38,0	0,010	-0,014	30,866
38,1	0,014	-0,006	30,866
38,2	0,019	-0,006	30,866
38,3	0,021	0,017	30,709
38,4	0,019	0,017	30,866
38,5	0,014	-0,006	30,866
38,6	0,009	-0,006	30,866
38,7	0,008	-0,006	30,866
38,8	0,008	0,002	30,866
38,9	0,010	0,009	30,866
39,0	0,010	0,009	30,866
39,1	0,009	-0,006	30,866
39,2	0,007	0,002	30,866
39,3	0,007	0,002	30,866
39,4	0,009	0,002	30,709
39,5	0,011	-0,014	30,709
39,6	0,011	-0,006	30,866
39,7	0,008	-0,006	30,866
39,8	0,005	0,002	30,866
39,9	0,004	-0,006	30,866
40,0	0,007	-0,006	30,866
40,1	0,010	0,002	30,866
40,2	0,012	-0,014	30,866
40,3	0,011	-0,006	30,866
40,4	0,008	0,002	30,866
40,5	0,006	0,002	30,866
40,6	0,005	0,002	30,709
40,7	0,006	-0,006	30,709
40,8	0,008	0,009	30,866
40,9	0,010	0,002	30,866
41,0	0,010	0,009	30,866
41,1	0,010	0,009	30,866
41,2	0,011	-0,006	30,866
41,3	0,012	-0,006	30,866
41,4	0,012	0,002	30,866
41,5	0,010	-0,014	30,866
41,6	0,006	0,002	30,866
41,7	0,003	0,002	30,866
41,8	0,004	0,002	30,866
41,9	0,008	-0,006	30,709
42,0	0,013	0,009	30,866
42,1	0,016	0,009	30,866
42,2	0,015	-0,014	30,866
42,3	0,010	-0,006	30,866
42,4	0,006	0,002	30,866
42,5	0,005	0,002	30,866
42,6	0,007	-0,006	30,866
42,7	0,010	-0,014	30,866
42,8	0,012	0,002	30,866
42,9	0,012	0,002	30,866
43,0	0,011	0,009	30,866
43,1	0,010	-0,014	30,709
43,2	0,009	0,002	30,709
43,3	0,009	0,002	30,866
43,4	0,008	0,002	30,866
43,5	0,006	0,002	30,709
43,6	0,004	-0,006	30,866
43,7	0,002	0,002	30,866
43,8	0,002	0,002	30,866
43,9	0,003	0,002	30,866
44,0	0,004	0,002	30,866
44,1	0,004	0,002	30,866
44,2	0,003	-0,006	30,866
44,3	0,003	0,002	30,866
44,4	0,005	0,002	30,866
44,5	0,009	0,002	30,866
44,6	0,013	0,009	30,709
44,7	0,013	-0,014	30,866
44,8	0,011	-0,006	30,709
44,9	0,007	-0,006	30,866
45,0	0,005	0,002	30,866
45,1	0,007	0,002	30,866
45,2	0,011	0,009	30,866
45,3	0,015	-0,014	30,866
45,4	0,016	-0,006	30,866
45,5	0,014	0,009	30,866
45,6	0,010	-0,006	30,866
45,7	0,008	-0,006	30,709
45,8	0,008	-0,006	30,709
45,9	0,008	0,009	30,709
46,0	0,008	-0,006	30,709
46,1	0,007	0,002	30,866
46,2	0,006	-0,006	30,866
46,3	0,006	-0,006	30,866
46,4	0,006	0,002	30,866
46,5	0,005	0,002	30,866
46,6	0,003	0,002	30,866
46,7	0,001	0,002	30,866
46,8	0,001	0,002	30,866
46,9	0,004	0,002	30,866
47,0	0,009	0,009	30,866
47,1	0,013	-0,006	30,866
47,2	0,014	-0,006	30,709
47,3	0,010	0,009	30,709
47,4	0,006	-0,006	30,866
47,5	0,003	0,002	30,866
47,6	0,003	-0,006	30,866
47,7	0,006	0,002	30,866
47,8	0,009	-0,006	30,866
47,9	0,010	0,009	30,866
48,0	0,009	0,002	30,866
48,1	0,008	-0,006	30,866
48,2	0,008	0,002	30,866
48,3	0,009	0,009	30,866
48,4	0,009	0,002	30,709
48,5	0,009	-0,006	30,709
48,6	0,006	0,002	30,866
48,7	0,004	-0,006	30,709
48,8	0,003	0,002	30,866
48,9	0,005	0,002	30,866
49,0	0,008	0,002	30,866
49,1	0,012	-0,014	30,866
49,2	0,013	0,009	30,866
49,3	0,012	-0,006	30,866
49,4	0,009	0,002	30,866
49,5	0,006	0,002	30,866
49,6	0,005	-0,006	30,709
49,7	0,005	0,002	30,709
49,8	0,006	0,002	30,709
49,9	0,006	-0,006	30,709
50,0	0,006	-0,006	30,709
50,1	0,005	0,002	30,866
50,2	0,004	0,002	30,866
50,3	0,003	0,002	30,866
50,4	0,005	-0,006	30,866
50,5	0,007	0,002	30,866
50,6	0,010	0,002	30,866
50,7	0,013	-0,014	30,866
50,8	0,013	0,009	30,866
50,9	0,012	0,002	30,866
51,0	0,009	0,002	30,866
51,1	0,007	0,009	30,709
51,2	0,007	-0,006	30,709
51,3	0,010	0,002	30,866
51,4	0,014	-0,014	30,866
51,5	0,018	-0,006	30,866
51,6	0,018	0,017	30,866
51,7	0,014	-0,006	30,866
51,8	0,009	-0,006	30,866
51,9	0,005	0,002	30,866
52,0	0,004	-0,006	30,866
52,1	0,006	-0,006	30,866
52,2	0,008	0,002	30,866
52,3	0,009	-0,006	30,709
52,4	0,009	0,009	30,709
52,5	0,008	0,002	30,866
52,6	0,008	0,002	30,866
52,7	0,009	0,002	30,866
52,8	0,010	-0,006	30,866
52,9	0,009	0,009	30,866
53,0	0,007	-0,006	30,866
53,1	0,005	0,002	30,866
53,2	0,005	0,002	30,866
53,3	0,007	-0,006	30,866
53,4	0,010	0,002	30,866
53,5	0,010	0,009	30,709
53,6	0,008	-0,006	30,709
53,7	0,005	0,002	30,866
53,8	0,002	-0,006	30,709
53,9	0,003	0,002	30,866
54,0	0,007	0,002	30,866
54,1	0,012	0,009	30,866
54,2	0,013	-0,014	30,866
54,3	0,011	0,002	30,866
54,4	0,006	0,002	30,866
54,5	0,004	0,002	30,866
54,6	0,006	0,002	30,866
54,7	0,010	-0,006	30,866
54,8	0,014	-0,014	30,866
54,9	0,015	0,002	30,866
55,0	0,012	0,009	30,709
55,1	0,007	-0,006	30,709
55,2	0,004	0,002	30,709
55,3	0,004	-0,006	30,866
55,4	0,007	-0,006	30,866
55,5	0,010	-0,006	30,866
55,6	0,011	-0,006	30,866
55,7	0,010	0,009	30,866
55,8	0,008	-0,006	30,866
55,9	0,007	0,002	30,866
56,0	0,007	0,002	30,866
56,1	0,008	-0,006	30,866
56,2	0,009	-0,006	30,709
56,3	0,009	0,002	30,709
56,4	0,009	0,009	30,866
56,5	0,009	-0,006	30,866
56,6	0,010	-0,006	30,866
56,7	0,011	-0,006	30,866
56,8	0,011	0,009	30,866
56,9	0,011	0,009	30,866
57,0	0,010	-0,006	30,866
57,1	0,009	0,002	30,866
57,2	0,009	0,002	30,709
57,3	0,008	-0,006	30,866
57,4	0,007	0,009	30,866
57,5	0,007	-0,006	30,709
57,6	0,007	0,002	30,709
57,7	0,007	-0,006	30,709
57,8	0,008	0,009	30,709
57,9	0,008	0,002	30,866
58,0	0,008	-0,006	30,866
58,1	0,006	0,002	30,866
58,2	0,005	0,002	30,866
58,3	0,005	-0,006	30,866
58,4	0,006	-0,006	30,866
58,5	0,007	0,002	30,866
58,6	0,008	0,002	30,866
58,7	0,008	-0,006	30,709
58,8	0,007	0,009	30,866
58,9	0,006	0,002	30,709
59,0	0,006	0,002	30,709
59,1	0,006	0,002	30,866
59,2	0,007	-0,006	30,866
59,3	0,008	-0,006	30,866
59,4	0,011	0,009	30,866
59,5	0,014	0,009	30,866
59,6	0,016	0,002	30,866
59,7	0,016	-0,014	30,866
59,8	0,013	-0,014	30,866
59,9	0,009	0,002	30,709
60,0	0,006	0,002	30,709
60,1	0,005	0,002	30,709
60,2	0,006	-0,006	30,709
60,3	0,008	0,009	30,709
60,4	0,010	-0,006	30,709
60,5	0,010	0,002	30,866
60,6	0,008	0,002	30,866
60,7	0,006	-0,006	30,866
60,8	0,006	0,002	30,866
60,9	0,006	-0,006	30,866
61,0	0,008	0,009	30,866
61,1	0,010	-0,006	30,866
61,2	0,011	0,009	30,866
61,3	0,012	-0,006	30,709
61,4	0,012	-0,006	30,709
61,5	0,012	0,002	30,709
61,6	0,010	-0,014	30,709
61,7	0,008	0,002	30,866
61,8	0,007	-0,006	30,866
61,9	0,005	0,002	30,866
62,0	0,004	0,002	30,709
62,1	0,002	0,002	30,866
62,2	0,001	0,002	30,866
62,3	0,001	0,002	30,866
62,4	0,002	0,002	30,866
62,5	0,004	0,002	30,866
62,6	0,006	0,002	30,709
62,7	0,007	-0,006	30,709
62,8	0,007	-0,006	30,709
62,9	0,006	0,002	30,709
63,0	0,006	-0,006	30,866
63,1	0,006	-0,006	30,866
63,2	0,007	-0,006	30,866
63,3	0,008	-0,006	30,866
63,4	0,009	-0,006	30,866
63,5	0,010	0,009	30,866
63,6	0,010	0,002	30,866
63,7	0,011	-0,006	30,866
63,8	0,012	-0,014	30,866
63,9	0,011	0,009	30,709
64,0	0,010	0,002	30,709
64,1	0,008	0,009	30,709
64,2	0,008	-0,006	30,709
64,3	0,008	0,002	30,709
64,4	0,008	0,002	30,709
64,5	0,008	-0,006	30,866
64,6	0,008	-0,006	30,866
64,7	0,008	-0,006	30,866
64,8	0,008	0,002	30,866
64,9	0,009	0,009	30,866
65,0	0,010	-0,006	30,866
65,1	0,009	0,002	30,866
65,2	0,008	0,002	30,709
65,3	0,006	-0,006	30,709
65,4	0,005	0,002	30,709
65,5	0,006	-0,006	30,709
65,6	0,007	-0,006	30,709
65,7	0,007	0,002	30,866
65,8	0,007	0,002	30,866
65,9	0,006	-0,006	30,866
66,0	0,006	0,002	30,866
66,1	0,007	0,002	30,866
66,2	0,009	0,009	30,866
66,3	0,010	-0,006	30,866
66,4	0,009	-0,006	30,866
66,5	0,007	-0,006	30,709
66,6	0,004	0,002	30,709
66,7	0,003	0,002	30,709
66,8	0,003	0,002	30,709
66,9	0,004	0,002	30,866
67,0	0,006	-0,006	30,866
67,1	0,007	-0,006	30,866
67,2	0,006	0,002	30,866
67,3	0,006	0,002	30,866
67,4	0,005	-0,006	30,866
67,5	0,006	-0,006	30,866
67,6	0,007	0,002	30,866
67,7	0,008	0,002	30,866
67,8	0,008	-0,006	30,709
67,9	0,008	0,009	30,709
68,0	0,008	-0,006	30,709
68,1	0,008	0,002	30,866
68,2	0,007	0,002	30,866
68,3	0,005	0,002	30,866
68,4	0,003	0,002	30,866
68,5	0,002	0,002	30,866
68,6	0,003	0,002	30,866
68,7	0,006	0,002	30,866
68,8	0,011	-0,006	30,866
68,9	0,015	-0,006	30,866
69,0	0,016	0,017	30,866
69,1	0,014	-0,006	30,709
69,2	0,009	-0,006	30,709
69,3	0,004	0,002	30,866
69,4	0,003	0,002	30,709
69,5	0,006	-0,006	30,866
69,6	0,011	-0,006	30,866
69,7	0,015	0,009	30,866
69,8	0,016	0,009	30,866
69,9	0,014	-0,014	30,866
70,0	0,010	-0,006	30,866
70,1	0,007	0,002	30,866
70,2	0,006	-0,006	30,866
70,3	0,006	-0,006	30,709
70,4	0,007	0,002	30,709
70,5	0,008	-0,006	30,866
70,6	0,007	0,002	30,709
70,7	0,007	0,002	30,709
70,8	0,007	0,009	30,866
70,9	0,009	-0,006	30,866
71,0	0,011	-0,006	30,866
71,1	0,011	-0,006	30,866
71,2	0,009	0,009	30,866
71,3	0,005	0,002	30,866
71,4	0,002	0,002	30,866
71,5	0,001	0,002	30,866
71,6	0,002	0,002	30,866
71,7	0,003	0,002	30,866
71,8	0,005	0,002	30,866
71,9	0,005	-0,006	30,709
72,0	0,004	0,002	30,709
72,1	0,005	0,002	30,866
72,2	0,007	-0,006	30,866
72,3	0,009	0,002	30,866
72,4	0,011	0,009	30,866
72,5	0,009	-0,006	30,866
72,6	0,007	-0,006	30,866
72,7	0,005	0,002	30,866
72,8	0,007	0,002	30,866
72,9	0,012	0,002	30,866
73,0	0,016	0,017	30,866
73,1	0,017	-0,014	30,709
73,2	0,014	0,002	30,709
73,3	0,008	0,002	30,709
73,4	0,004	-0,006	30,709
73,5	0,003	0,002	30,709
73,6	0,006	-0,006	30,866
73,7	0,009	-0,006	30,866
73,8	0,010	0,002	30,866
73,9	0,010	0,009	30,866
74,0	0,008	0,002	30,866
74,1	0,007	-0,006	30,866
74,2	0,008	-0,006	30,866
74,3	0,010	0,002	30,709
74,4	0,013	0,009	30,709
74,5	0,014	-0,014	30,709
74,6	0,013	0,002	30,709
74,7	0,011	0,009	30,709
74,8	0,007	0,002	30,866
74,9	0,005	-0,006	30,709
75,0	0,004	0,002	30,866
75,1	0,004	-0,006	30,866
75,2	0,006	0,002	30,866
75,3	0,006	-0,006	30,866
75,4	0,006	0,002	30,866
75,5	0,004	0,002	30,709
75,6	0,003	0,002	30,866
75,7	0,003	0,002	30,709
75,8	0,006	0,002	30,709
75,9	0,009	0,009	30,709
76,0	0,011	0,009	30,709
76,1	0,010	0,002	30,709
76,2	0,008	-0,006	30,709
76,3	0,006	0,002	30,709
76,4	0,006	-0,006	30,551
76,5	0,008	-0,006	30,551
76,6	0,011	-0,006	30,551
76,7	0,012	-0,014	30,394
76,8	0,012	0,002	29,606
76,9	0,010	0,002	26,929
77,0	0,007	0,009	23,465
77,1	0,006	-0,006	20,000
77,2	0,005	0,002	16,220
77,3	0,005	-0,006	12,441
77,4	0,006	0,002	8,661
77,5	0,007	0,002	5,984
77,6	0,007	-0,006	4,094
77,7	0,007	-0,006	2,835
77,8	0,007	-0,006	1,732
77,9	0,007	-0,006	1,102
78,0	0,007	-0,006	0,787
78,1	0,008	-0,006	0,630
78,2	0,008	-0,006	0,630
78,3	0,009	-0,006	0,630
78,4	0,009	0,002	0,787
78,5	0,009	-0,006	0,787
78,6	0,008	0,002	0,945
78,7	0,007	0,002	1,102
78,8	0,006	0,002	1,102
78,9	0,005	0,002	1,260
79,0	0,004	0,002	1,260
79,1	0,004	0,002	1,260
79,2	0,004	0,002	1,260
79,3	0,004	0,002	1,417
79,4	0,003	0,002	1,417
79,5	0,003	0,002	1,417
79,6	0,003	0,002	1,417
79,7	0,003	0,002	1,417
79,8	0,003	0,002	1,417
79,9	0,003	0,002	1,417
80,0	0,003	0,002	1,417
80,1	0,002	0,002	1,575
80,2	0,002	0,002	1,575
80,3	0,002	0,002	1,417
80,4	0,003	0,002	1,575
80,5	0,002	0,002	1,575
80,6	0,002	0,002	1,575
80,7	0,002	0,002	1,575
80,8	0,002	0,002	1,575
80,9	0,003	0,002	1,575
81,0	0,005	0,002	1,575
81,1	0,006	-0,006	1,575
81,2	0,005	0,002	1,575
81,3	0,004	0,002	1,575
81,4	0,002	0,002	1,575
81,5	0,001	0,002	1,575
81,6	0,002	0,002	1,575
81,7	0,003	0,002	1,575
81,8	0,005	0,002	1,575
81,9	0,006	-0,006	1,575
82,0	0,005	0,002	1,575
82,1	0,004	0,002	1,575
82,2	0,002	0,002	1,575
82,3	0,001	0,002	1,575
82,4	0,002	0,002	1,575
82,5	0,003	0,002	1,575
82,6	0,005	0,002	1,575
82,7	0,005	-0,006	1,575
82,8	0,005	0,002	1,575
82,9	0,003	0,002	1,575
83,0	0,002	0,002	1,575
83,1	0,001	0,002	1,575
83,2	0,001	0,002	1,575
83,3	0,003	0,002	1,575
83,4	0,005	0,002	1,575
83,5	0,007	-0,006	1,575
83,6	0,007	-0,006	1,575
83,7	0,007	0,002	1,575
83,8	0,006	0,002	1,575
83,9	0,005	-0,006	1,575
84,0	0,005	0,002	1,575
84,1	0,004	0,002	1,575
84,2	0,004	0,002	1,575
84,3	0,004	-0,006	1,575
84,4	0,005	0,002	1,575
84,5	0,006	-0,006	1,575
84,6	0,008	-0,006	1,575
84,7	0,008	-0,006	1,575
84,8	0,008	0,002	1,575
84,9	0,006	0,002	1,575
85,0	0,004	0,002	1,575
85,1	0,003	0,002	1,575
85,2	0,003	0,002	1,575
85,3	0,002	0,002	1,575
85,4	0,002	0,002	1,575
85,5	0,002	0,002	1,575
85,6	0,002	0,002	1,575
85,7	0,003	0,002	1,575
85,8	0,004	0,002	1,575
85,9	0,006	-0,006	1,575
86,0	0,008	-0,006	1,575
86,1	0,008	-0,006	1,575
86,2	0,007	0,002	1,575
86,3	0,006	-0,006	1,575
86,4	0,005	0,002	1,575
86,5	0,005	0,002	1,575
86,6	0,005	0,002	1,575
86,7	0,006	-0,006	1,575
86,8	0,006	0,002	1,575
86,9	0,006	0,002	1,575
87,0	0,005	0,002	1,575
87,1	0,004	0,002	1,575
87,2	0,003	0,002	1,575
87,3	0,003	0,002	1,575
87,4	0,003	0,002	1,575
87,5	0,003	0,002	1,575
87,6	0,003	0,002	1,575
87,7	0,003	0,002	1,575
87,8	0,003	0,002	1,575
87,9	0,003	0,002	1,575
88,0	0,003	0,002	1,575
88,1	0,003	0,002	1,575
88,2	0,003	0,002	1,575
88,3	0,002	0,002	1,575
88,4	0,002	0,002	1,575
88,5	0,003	0,002	1,575
88,6	0,003	0,002	1,575
88,7	0,002	0,002	1,575
88,8	0,002	0,002	1,575
88,9	0,002	0,002	1,575
89,0	0,002	0,002	1,575
89,1	0,002	0,002	1,575
89,2	0,002	0,002	1,575
89,3	0,002	0,002	1,575
89,4	0,002	0,002	1,575
89,5	0,002	0,002	1,575
89,6	0,002	0,002	1,575
89,7	0,004	0,002	1,575
89,8	0,005	0,002	1,575
89,9	0,005	-0,006	1,575
90,0	0,005	0,002	1,575
90,1	0,004	0,002	1,575
90,2	0,003	0,002	1,575
90,3	0,002	0,002	1,575
90,4	0,001	0,002	1,575
90,5	0,002	0,002	1,575
90,6	0,002	0,002	1,575
90,7	0,004	0,002	1,575
90,8	0,005	-0,006	1,575
90,9	0,007	0,002	1,575
91,0	0,007	0,002	1,575
91,1	0,006	-0,006	1,575
91,2	0,005	0,002	1,575
91,3	0,003	0,002	1,575
91,4	0,002	0,002	1,575
91,5	0,003	0,002	1,575
91,6	0,005	-0,006	1,575
91,7	0,007	0,002	1,575
91,8	0,008	0,002	1,575
91,9	0,007	-0,006	1,575
92,0	0,005	0,002	1,575
92,1	0,004	0,002	1,575
92,2	0,005	0,002	1,575
92,3	0,006	-0,006	1,575
92,4	0,006	0,002	1,575
92,5	0,005	0,002	1,575
92,6	0,004	0,002	1,575
92,7	0,002	0,002	1,575
92,8	0,002	0,002	1,575
92,9	0,004	0,002	1,575
93,0	0,006	0,002	1,575
93,1	0,006	-0,006	1,575
93,2	0,006	0,002	1,575
93,3	0,005	0,002	1,575
93,4	0,004	0,002	1,575
93,5	0,003	0,002	1,575
93,6	0,003	0,002	1,575
93,7	0,003	0,002	1,575
93,8	0,003	0,002	1,575
93,9	0,003	0,002	1,575
94,0	0,003	0,002	1,575
94,1	0,004	0,002	1,575
94,2	0,005	0,002	1,575
94,3	0,006	-0,006	1,575
94,4	0,006	0,002	1,575
94,5	0,005	0,002	1,575
94,6	0,004	0,002	1,575
94,7	0,003	0,002	1,575
94,8	0,003	0,002	1,575
94,9	0,003	0,002	1,575
95,0	0,003	0,002	1,575
95,1	0,003	0,002	1,575
95,2	0,003	0,002	1,575
95,3	0,004	0,002	1,575
95,4	0,006	0,002	1,575
95,5	0,006	-0,006	1,575
95,6	0,006	0,002	1,575
95,7	0,005	0,002	1,575
95,8	0,004	0,002	1,575
95,9	0,003	0,002	1,575
96,0	0,003	0,002	1,575
96,1	0,004	0,002	1,575
96,2	0,003	0,002	1,575
96,3	0,003	0,002	1,575
96,4	0,004	0,002	1,575
96,5	0,005	0,002	1,575
96,6	0,006	0,002	1,575
96,7	0,007	-0,006	1,575
96,8	0,006	0,002	1,575
96,9	0,005	0,002	1,575
97,0	0,004	0,002	1,575
97,1	0,004	0,002	1,575
97,2	0,004	0,002	1,575
97,3	0,004	0,002	1,575
97,4	0,004	0,002	1,575
97,5	0,004	0,002	1,575
97,6	0,005	0,002	1,575
97,7	0,006	0,002	1,575
97,8	0,008	0,002	1,575
97,9	0,008	-0,006	1,575
98,0	0,006	0,002	1,575
98,1	0,005	-0,006	1,575
98,2	0,005	0,002	1,575
98,3	0,007	-0,006	1,575
98,4	0,008	0,002	1,575
98,5	0,008	0,002	1,575
98,6	0,007	0,002	1,575
98,7	0,005	-0,006	1,575
98,8	0,006	0,002	1,575
98,9	0,008	0,002	1,575
99,0	0,009	0,002	1,575
99,1	0,009	-0,006	1,575
99,2	0,006	0,002	1,575
99,3	0,005	-0,006	1,575
99,4	0,007	0,002	1,575
99,5	0,010	0,002	1,575
99,6	0,012	0,002	1,575
99,7	0,010	-0,006	1,575
99,8	0,005	0,002	1,575
99,9	0,003	0,002	1,575
