time [µs]	Amp[V]	HF [V]	TGC [dB]
0,0	0,239	0,001	1,575
0,1	0,589	0,017	1,732
0,2	0,922	0,993	1,417
0,3	1,101	-0,456	0,630
0,4	1,097	-1,015	2,047
0,5	1,004	-0,440	2,047
0,6	0,951	0,403	1,732
0,7	0,992	0,820	1,417
0,8	1,076	0,993	1,260
0,9	1,115	0,521	1,575
1,0	1,076	-1,015	1,890
1,1	1,022	-0,117	1,732
1,2	1,035	0,993	1,417
1,3	1,130	0,245	1,417
1,4	1,220	-1,015	1,575
1,5	1,192	-1,015	1,732
1,6	1,012	0,104	1,575
1,7	0,774	0,899	1,575
1,8	0,634	0,001	1,575
1,9	0,693	0,655	1,575
2,0	0,921	0,489	1,575
2,1	1,183	-1,015	1,575
2,2	1,328	-1,015	1,732
2,3	1,284	-0,219	1,575
2,4	1,075	0,993	1,417
2,5	0,791	0,670	1,575
2,6	0,526	-0,259	1,575
2,7	0,351	-0,211	1,575
2,8	0,293	-0,141	1,575
2,9	0,340	-0,400	1,417
3,0	0,438	-0,141	1,417
3,1	0,513	0,411	1,575
3,2	0,503	0,395	1,575
3,3	0,394	-0,133	1,575
3,4	0,229	-0,219	1,575
3,5	0,084	-0,007	1,575
3,6	0,013	0,025	1,575
3,7	0,019	-0,022	1,575
3,8	0,061	0,041	1,575
3,9	0,086	0,064	1,575
4,0	0,075	-0,015	1,575
4,1	0,039	-0,038	1,575
4,2	0,009	-0,007	1,575
4,3	0,001	0,001	1,575
4,4	0,009	-0,007	1,575
4,5	0,019	-0,007	1,417
4,6	0,021	0,009	1,575
4,7	0,016	-0,015	1,575
4,8	0,015	-0,015	1,575
4,9	0,020	0,017	1,575
5,0	0,027	0,017	1,575
5,1	0,027	-0,007	1,575
5,2	0,018	-0,015	1,575
5,3	0,007	-0,007	1,575
5,4	0,001	0,001	1,575
5,5	0,005	-0,007	1,575
5,6	0,013	0,009	1,575
5,7	0,018	0,009	1,575
5,8	0,016	0,001	1,575
5,9	0,011	-0,007	1,575
6,0	0,007	-0,007	1,575
6,1	0,010	0,009	1,102
6,2	0,016	0,009	2,362
6,3	0,021	0,001	3,937
6,4	0,019	-0,015	5,354
6,5	0,014	-0,015	6,299
6,6	0,011	0,001	6,929
6,7	0,013	0,009	7,559
6,8	0,022	0,025	8,031
6,9	0,032	0,017	8,346
7,0	0,037	0,001	8,819
7,1	0,035	-0,022	9,134
7,2	0,028	-0,030	9,449
7,3	0,022	-0,007	9,921
7,4	0,020	0,017	10,236
7,5	0,020	0,017	10,551
7,6	0,022	0,001	10,866
7,7	0,021	-0,007	11,181
7,8	0,018	-0,007	11,496
7,9	0,015	-0,015	11,811
8,0	0,013	-0,015	12,126
8,1	0,012	0,001	12,441
8,2	0,013	0,009	12,756
8,3	0,013	-0,007	13,071
8,4	0,013	-0,015	13,386
8,5	0,014	0,001	13,701
8,6	0,014	0,009	14,016
8,7	0,014	-0,007	14,331
8,8	0,014	-0,015	14,646
8,9	0,013	-0,007	14,961
9,0	0,013	0,009	15,276
9,1	0,015	0,001	15,748
9,2	0,019	-0,007	16,063
9,3	0,024	-0,015	16,220
9,4	0,028	-0,022	16,693
9,5	0,031	-0,030	16,850
9,6	0,032	-0,022	17,165
9,7	0,034	0,017	17,480
9,8	0,035	0,033	17,795
9,9	0,036	0,017	18,268
10,0	0,036	-0,015	18,583
10,1	0,033	-0,022	18,898
10,2	0,028	-0,030	19,213
10,3	0,023	-0,022	19,528
10,4	0,020	-0,007	19,843
10,5	0,021	0,017	20,157
10,6	0,028	0,009	20,472
10,7	0,040	-0,022	20,630
10,8	0,054	-0,054	20,945
10,9	0,064	-0,054	21,417
11,0	0,070	-0,015	21,732
11,1	0,069	0,041	22,047
11,2	0,066	0,072	22,362
11,3	0,066	0,041	22,677
11,4	0,071	0,001	22,992
11,5	0,082	-0,046	23,307
11,6	0,091	-0,085	23,622
11,7	0,092	-0,085	23,937
11,8	0,083	-0,022	24,252
11,9	0,067	0,033	24,567
12,0	0,053	0,041	24,882
12,1	0,048	0,048	25,197
12,2	0,052	0,041	25,512
12,3	0,062	0,001	25,827
12,4	0,071	-0,054	26,142
12,5	0,073	-0,070	26,457
12,6	0,069	-0,046	26,772
12,7	0,064	-0,007	27,244
12,8	0,061	0,041	27,402
12,9	0,063	0,064	27,717
13,0	0,065	0,041	28,189
13,1	0,061	-0,015	28,346
13,2	0,050	-0,046	28,661
13,3	0,033	-0,030	28,976
13,4	0,017	0,001	29,291
13,5	0,012	0,001	29,606
13,6	0,020	0,017	29,921
13,7	0,037	0,009	30,236
13,8	0,055	-0,054	30,551
13,9	0,065	-0,038	31,181
14,0	0,064	0,033	31,339
14,1	0,058	0,056	31,181
14,2	0,052	0,033	31,181
14,3	0,052	-0,007	31,024
14,4	0,056	-0,046	31,024
14,5	0,056	-0,054	31,024
14,6	0,047	-0,015	31,024
14,7	0,031	0,017	31,024
14,8	0,015	0,017	31,024
14,9	0,008	0,001	30,866
15,0	0,013	-0,007	30,866
15,1	0,028	-0,022	31,024
15,2	0,042	-0,038	31,024
15,3	0,048	0,001	31,024
15,4	0,046	0,033	31,024
15,5	0,038	0,033	31,024
15,6	0,032	0,033	31,024
15,7	0,031	0,025	31,024
15,8	0,034	0,001	31,024
15,9	0,036	-0,015	31,024
16,0	0,037	-0,030	31,024
16,1	0,035	-0,038	31,024
16,2	0,033	-0,015	30,866
16,3	0,032	0,001	31,024
16,4	0,031	0,025	31,024
16,5	0,029	0,025	31,024
16,6	0,024	0,017	31,024
16,7	0,019	-0,007	31,024
16,8	0,015	-0,015	31,024
16,9	0,015	-0,015	31,024
17,0	0,016	0,001	31,024
17,1	0,017	-0,015	30,866
17,2	0,018	0,017	30,866
17,3	0,019	0,017	30,866
17,4	0,021	0,017	30,866
17,5	0,025	0,001	30,866
17,6	0,028	-0,015	31,024
17,7	0,027	-0,030	31,024
17,8	0,025	-0,007	31,024
17,9	0,023	0,025	31,024
18,0	0,024	0,001	30,866
18,1	0,026	-0,015	31,024
18,2	0,027	0,009	31,024
18,3	0,025	0,041	31,024
18,4	0,022	0,009	31,024
18,5	0,022	0,001	30,866
18,6	0,026	0,017	30,866
18,7	0,033	-0,007	30,866
18,8	0,037	-0,046	30,866
18,9	0,034	-0,015	30,866
19,0	0,027	0,009	30,866
19,1	0,019	0,009	31,024
19,2	0,018	0,009	30,866
19,3	0,022	0,025	30,866
19,4	0,027	0,033	31,024
19,5	0,028	0,009	31,024
19,6	0,024	0,001	31,024
19,7	0,019	0,001	30,866
19,8	0,019	-0,007	30,866
19,9	0,024	-0,030	30,866
20,0	0,031	-0,015	30,866
20,1	0,034	0,017	30,866
20,2	0,034	0,033	30,866
20,3	0,031	0,017	30,866
20,4	0,031	-0,007	30,866
20,5	0,033	-0,030	31,024
20,6	0,037	-0,030	31,024
20,7	0,039	-0,007	31,024
20,8	0,037	0,033	31,024
20,9	0,033	0,033	30,866
21,0	0,028	0,001	30,866
21,1	0,023	0,001	30,866
21,2	0,021	-0,015	30,866
21,3	0,020	-0,022	30,866
21,4	0,021	-0,015	30,866
21,5	0,021	0,009	30,866
21,6	0,020	0,017	30,866
21,7	0,016	0,009	30,866
21,8	0,010	0,001	31,024
21,9	0,005	-0,007	30,866
22,0	0,004	0,001	31,024
22,1	0,010	0,001	30,866
22,2	0,019	0,017	30,866
22,3	0,025	-0,007	30,866
22,4	0,024	-0,022	30,866
22,5	0,017	-0,015	30,866
22,6	0,009	-0,007	30,866
22,7	0,007	-0,007	30,866
22,8	0,014	0,001	30,866
22,9	0,025	0,017	30,866
23,0	0,035	0,033	31,024
23,1	0,037	-0,015	30,866
23,2	0,032	-0,022	31,024
23,3	0,025	-0,022	30,866
23,4	0,023	-0,022	30,866
23,5	0,026	0,001	30,866
23,6	0,030	0,025	30,866
23,7	0,031	0,025	30,866
23,8	0,027	-0,007	30,866
23,9	0,021	-0,015	30,866
24,0	0,018	-0,007	30,866
24,1	0,021	-0,030	30,866
24,2	0,028	-0,015	30,866
24,3	0,035	0,001	30,866
24,4	0,038	0,041	31,024
24,5	0,034	-0,007	30,866
24,6	0,027	-0,022	30,866
24,7	0,020	0,009	30,866
24,8	0,016	0,017	30,866
24,9	0,014	0,001	30,866
25,0	0,013	-0,007	30,866
25,1	0,011	0,001	30,866
25,2	0,008	-0,007	30,866
25,3	0,007	-0,007	30,866
25,4	0,008	-0,007	30,866
25,5	0,012	-0,007	30,866
25,6	0,015	-0,007	30,866
25,7	0,015	-0,022	30,866
25,8	0,014	-0,007	30,866
25,9	0,010	0,001	31,024
26,0	0,008	0,001	30,866
26,1	0,009	-0,015	30,866
26,2	0,013	-0,007	30,866
26,3	0,018	0,009	30,866
26,4	0,023	0,017	30,866
26,5	0,026	0,017	30,866
26,6	0,028	-0,015	30,866
26,7	0,028	-0,030	30,866
26,8	0,026	-0,015	30,866
26,9	0,024	-0,015	30,866
27,0	0,021	0,017	30,866
27,1	0,020	0,017	30,866
27,2	0,021	0,009	30,866
27,3	0,023	-0,015	30,866
27,4	0,027	-0,022	30,866
27,5	0,029	-0,022	30,866
27,6	0,029	-0,007	30,866
27,7	0,028	0,033	30,866
27,8	0,026	0,009	30,866
27,9	0,025	0,001	30,709
28,0	0,024	-0,015	30,866
28,1	0,022	-0,030	30,866
28,2	0,018	-0,007	30,866
28,3	0,013	-0,007	30,866
28,4	0,007	-0,007	30,866
28,5	0,004	0,001	30,866
28,6	0,004	0,001	30,866
28,7	0,009	-0,007	30,866
28,8	0,016	-0,015	30,866
28,9	0,023	-0,022	30,866
29,0	0,028	-0,007	30,866
29,1	0,030	0,009	30,866
29,2	0,030	0,033	30,866
29,3	0,028	0,017	30,866
29,4	0,027	-0,007	30,866
29,5	0,026	-0,022	30,866
29,6	0,026	-0,022	30,866
29,7	0,025	-0,022	30,866
29,8	0,022	0,009	30,866
29,9	0,017	0,009	30,866
30,0	0,010	0,001	30,866
30,1	0,004	0,001	30,866
30,2	0,002	-0,007	30,866
30,3	0,004	0,001	30,866
30,4	0,009	-0,007	30,866
30,5	0,015	-0,007	30,866
30,6	0,019	-0,007	30,866
30,7	0,019	0,025	30,866
30,8	0,018	0,009	30,866
30,9	0,015	0,001	30,866
31,0	0,013	-0,007	30,866
31,1	0,011	-0,015	30,866
31,2	0,009	0,009	30,866
31,3	0,009	0,001	30,866
31,4	0,010	0,009	30,866
31,5	0,013	0,001	30,709
31,6	0,016	-0,015	30,866
31,7	0,017	-0,015	30,866
31,8	0,016	0,001	30,866
31,9	0,014	0,009	30,866
32,0	0,012	0,001	30,866
32,1	0,011	0,017	30,866
32,2	0,012	0,001	30,866
32,3	0,012	0,001	30,866
32,4	0,012	-0,015	30,866
32,5	0,011	-0,007	30,866
32,6	0,009	0,001	30,866
32,7	0,008	0,001	30,866
32,8	0,008	0,009	30,866
32,9	0,007	0,001	30,709
33,0	0,005	-0,007	30,866
33,1	0,005	0,001	30,866
33,2	0,006	0,001	30,866
33,3	0,007	0,001	30,866
33,4	0,008	0,009	30,866
33,5	0,008	-0,007	30,866
33,6	0,008	-0,007	30,866
33,7	0,008	-0,007	30,866
33,8	0,010	0,001	30,866
33,9	0,012	0,001	30,866
34,0	0,013	0,017	30,866
34,1	0,012	0,001	30,866
34,2	0,008	-0,007	30,866
34,3	0,007	0,001	30,866
34,4	0,008	-0,007	30,866
34,5	0,011	0,001	30,866
34,6	0,014	0,017	30,866
34,7	0,014	0,009	30,866
34,8	0,012	0,001	30,866
34,9	0,009	0,001	30,866
35,0	0,009	-0,007	30,866
35,1	0,011	-0,007	30,866
35,2	0,015	-0,015	30,866
35,3	0,017	-0,015	30,866
35,4	0,016	0,009	30,709
35,5	0,011	0,001	30,866
35,6	0,006	0,001	30,709
35,7	0,003	0,001	30,709
35,8	0,004	-0,007	30,866
35,9	0,009	0,001	30,866
36,0	0,016	-0,015	30,866
36,1	0,021	0,001	30,866
36,2	0,020	0,017	30,866
36,3	0,015	0,017	30,866
36,4	0,009	0,001	30,866
36,5	0,006	0,001	30,866
36,6	0,008	-0,007	30,866
36,7	0,013	0,009	30,866
36,8	0,018	0,017	30,866
36,9	0,018	0,009	30,866
37,0	0,014	-0,007	30,866
37,1	0,010	-0,007	30,866
37,2	0,007	-0,007	30,866
37,3	0,008	-0,007	30,866
37,4	0,010	-0,007	30,866
37,5	0,011	0,009	30,866
37,6	0,009	0,009	30,866
37,7	0,008	0,001	30,866
37,8	0,008	0,001	30,866
37,9	0,011	0,001	30,866
38,0	0,014	-0,015	30,866
38,1	0,016	-0,015	30,866
38,2	0,015	0,009	30,866
38,3	0,012	0,001	30,866
38,4	0,009	-0,007	30,709
38,5	0,007	0,009	30,866
38,6	0,006	-0,007	30,866
38,7	0,006	0,001	30,866
38,8	0,006	0,001	30,866
38,9	0,007	0,001	30,866
39,0	0,009	0,009	30,866
39,1	0,011	0,009	30,866
39,2	0,012	-0,007	30,866
39,3	0,011	-0,007	30,866
39,4	0,008	0,001	30,866
39,5	0,004	-0,007	30,709
39,6	0,001	0,001	30,709
39,7	0,001	0,001	30,866
39,8	0,003	0,001	30,866
39,9	0,005	0,001	30,866
40,0	0,007	0,001	30,866
40,1	0,007	-0,007	30,866
40,2	0,007	-0,007	30,866
40,3	0,006	-0,007	30,866
40,4	0,006	0,001	30,866
40,5	0,006	-0,007	30,866
40,6	0,006	-0,007	30,866
40,7	0,007	0,001	30,866
40,8	0,007	0,001	30,709
40,9	0,008	-0,007	30,866
41,0	0,007	0,009	30,866
41,1	0,007	0,001	30,866
41,2	0,006	0,001	30,866
41,3	0,004	-0,007	30,866
41,4	0,004	0,001	30,866
41,5	0,005	0,001	30,866
41,6	0,007	0,001	30,866
41,7	0,008	0,009	30,866
41,8	0,009	0,001	30,866
41,9	0,009	-0,007	30,866
42,0	0,007	-0,007	30,709
42,1	0,005	0,001	30,866
42,2	0,003	0,001	30,866
42,3	0,002	0,001	30,709
42,4	0,003	0,001	30,866
42,5	0,004	-0,007	30,866
42,6	0,006	0,001	30,866
42,7	0,008	-0,007	30,866
42,8	0,009	0,009	30,866
42,9	0,010	0,001	30,866
43,0	0,012	-0,007	30,866
43,1	0,014	0,001	30,866
43,2	0,016	-0,022	30,709
43,3	0,015	0,001	30,866
43,4	0,011	0,001	30,866
43,5	0,007	-0,007	30,709
43,6	0,002	0,001	30,866
43,7	0,001	0,001	30,866
43,8	0,003	0,001	30,866
43,9	0,007	0,001	30,866
44,0	0,009	-0,007	30,866
44,1	0,009	0,009	30,866
44,2	0,007	0,009	30,866
44,3	0,006	0,001	30,866
44,4	0,008	0,001	30,866
44,5	0,013	0,009	30,866
44,6	0,017	-0,007	30,866
44,7	0,018	-0,022	30,709
44,8	0,016	-0,007	30,866
44,9	0,012	0,001	30,866
45,0	0,009	0,001	30,866
45,1	0,008	-0,015	30,866
45,2	0,010	0,001	30,866
45,3	0,012	0,001	30,866
45,4	0,012	0,009	30,866
45,5	0,009	0,009	30,866
45,6	0,007	0,001	30,866
45,7	0,005	-0,007	30,866
45,8	0,007	0,001	30,866
45,9	0,009	0,001	30,709
46,0	0,012	0,017	30,866
46,1	0,013	0,001	30,866
46,2	0,012	0,001	30,866
46,3	0,009	-0,007	30,866
46,4	0,006	-0,007	30,866
46,5	0,005	-0,007	30,866
46,6	0,005	0,001	30,866
46,7	0,007	-0,007	30,866
46,8	0,008	-0,007	30,866
46,9	0,008	-0,007	30,866
47,0	0,006	0,001	30,866
47,1	0,003	0,001	30,866
47,2	0,002	0,001	30,866
47,3	0,003	0,001	30,709
47,4	0,006	0,001	30,709
47,5	0,009	0,001	30,866
47,6	0,011	-0,015	30,866
47,7	0,010	-0,007	30,866
47,8	0,009	0,001	30,866
47,9	0,008	0,001	30,866
48,0	0,007	-0,007	30,866
48,1	0,006	0,009	30,866
48,2	0,006	0,001	30,866
48,3	0,007	0,001	30,866
48,4	0,010	-0,007	30,866
48,5	0,014	-0,015	30,709
48,6	0,016	0,001	30,709
48,7	0,016	0,009	30,866
48,8	0,014	0,017	30,866
48,9	0,010	-0,007	30,709
49,0	0,008	0,001	30,866
49,1	0,008	-0,007	30,866
49,2	0,009	0,009	30,866
49,3	0,010	0,009	30,866
49,4	0,009	0,001	30,866
49,5	0,008	0,001	30,866
49,6	0,008	-0,007	30,866
49,7	0,009	0,009	30,866
49,8	0,010	0,001	30,866
49,9	0,011	-0,007	30,709
50,0	0,010	-0,007	30,866
50,1	0,008	-0,007	30,866
50,2	0,007	-0,007	30,866
50,3	0,008	-0,007	30,866
50,4	0,011	-0,015	30,866
50,5	0,014	-0,007	30,866
50,6	0,016	-0,007	30,866
50,7	0,015	0,001	30,866
50,8	0,013	0,017	30,866
50,9	0,010	0,001	30,866
51,0	0,008	0,001	30,709
51,1	0,007	0,009	30,866
51,2	0,007	0,001	30,866
51,3	0,007	-0,007	30,866
51,4	0,007	0,001	30,866
51,5	0,006	0,001	30,866
51,6	0,004	-0,007	30,866
51,7	0,003	0,001	30,866
51,8	0,003	0,001	30,866
51,9	0,005	0,001	30,866
52,0	0,007	-0,007	30,866
52,1	0,008	-0,007	30,866
52,2	0,007	0,001	30,709
52,3	0,006	0,001	30,866
52,4	0,005	0,009	30,866
52,5	0,006	0,001	30,709
52,6	0,010	0,001	30,866
52,7	0,014	0,009	30,866
52,8	0,016	-0,015	30,866
52,9	0,014	-0,015	30,866
53,0	0,011	0,001	30,866
53,1	0,009	-0,007	30,866
53,2	0,007	0,001	30,866
53,3	0,007	0,009	30,866
53,4	0,008	0,001	30,866
53,5	0,008	-0,007	30,866
53,6	0,008	0,001	30,709
53,7	0,009	0,009	30,709
53,8	0,009	0,001	30,709
53,9	0,009	-0,007	30,866
54,0	0,009	-0,007	30,866
54,1	0,007	-0,007	30,866
54,2	0,006	-0,007	30,866
54,3	0,005	0,001	30,866
54,4	0,006	0,001	30,866
54,5	0,006	-0,007	30,866
54,6	0,006	-0,007	30,866
54,7	0,005	0,001	30,866
54,8	0,004	-0,007	30,866
54,9	0,004	0,001	30,709
55,0	0,006	-0,007	30,709
55,1	0,009	0,001	30,709
55,2	0,011	0,001	30,709
55,3	0,011	-0,015	30,866
55,4	0,010	0,001	30,866
55,5	0,010	-0,007	30,866
55,6	0,009	0,001	30,866
55,7	0,009	0,009	30,866
55,8	0,008	0,001	30,866
55,9	0,007	-0,007	30,866
56,0	0,006	0,001	30,866
56,1	0,006	0,001	30,866
56,2	0,008	-0,007	30,866
56,3	0,011	0,009	30,709
56,4	0,012	-0,007	30,709
56,5	0,012	-0,007	30,866
56,6	0,009	0,009	30,866
56,7	0,005	0,001	30,866
56,8	0,003	0,001	30,866
56,9	0,003	0,001	30,866
57,0	0,006	-0,007	30,866
57,1	0,009	0,001	30,866
57,2	0,011	0,009	30,866
57,3	0,010	-0,007	30,866
57,4	0,008	-0,007	30,866
57,5	0,005	0,001	30,709
57,6	0,003	0,001	30,709
57,7	0,002	0,001	30,866
57,8	0,002	0,001	30,866
57,9	0,004	0,001	30,866
58,0	0,007	0,009	30,866
58,1	0,009	0,001	30,866
58,2	0,011	0,001	30,866
58,3	0,011	-0,007	30,866
58,4	0,010	-0,015	30,866
58,5	0,010	-0,007	30,866
58,6	0,011	-0,007	30,866
58,7	0,013	-0,007	30,709
58,8	0,014	0,001	30,709
58,9	0,013	0,017	30,866
59,0	0,010	0,001	30,709
59,1	0,007	0,001	30,709
59,2	0,004	0,001	30,866
59,3	0,004	-0,007	30,866
59,4	0,005	0,001	30,866
59,5	0,006	0,001	30,866
59,6	0,007	-0,007	30,866
59,7	0,007	0,001	30,866
59,8	0,006	0,001	30,866
59,9	0,006	0,009	30,866
60,0	0,006	0,001	30,709
60,1	0,006	0,001	30,866
60,2	0,006	0,001	30,709
60,3	0,006	-0,007	30,709
60,4	0,005	0,001	30,866
60,5	0,004	-0,007	30,866
60,6	0,004	0,001	30,866
60,7	0,005	-0,007	30,866
60,8	0,006	0,001	30,866
60,9	0,007	-0,007	30,866
61,0	0,008	0,001	30,866
61,1	0,008	0,001	30,866
61,2	0,007	-0,007	30,709
61,3	0,006	0,001	30,866
61,4	0,005	-0,007	30,866
61,5	0,006	0,001	30,709
61,6	0,006	0,001	30,709
61,7	0,008	0,009	30,709
61,8	0,010	0,001	30,709
61,9	0,012	-0,007	30,866
62,0	0,013	-0,015	30,866
62,1	0,013	0,009	30,866
62,2	0,012	-0,007	30,866
62,3	0,011	0,009	30,866
62,4	0,009	0,009	30,866
62,5	0,009	0,001	30,866
62,6	0,009	-0,007	30,866
62,7	0,009	-0,007	30,709
62,8	0,008	0,001	30,709
62,9	0,007	0,009	30,709
63,0	0,007	-0,007	30,709
63,1	0,009	0,001	30,866
63,2	0,012	-0,015	30,866
63,3	0,014	0,009	30,866
63,4	0,013	-0,007	30,866
63,5	0,011	-0,007	30,866
63,6	0,008	0,001	30,866
63,7	0,006	0,001	30,866
63,8	0,005	0,001	30,866
63,9	0,007	0,001	30,709
64,0	0,008	0,009	30,709
64,1	0,010	0,009	30,709
64,2	0,010	0,001	30,709
64,3	0,009	0,001	30,866
64,4	0,009	0,009	30,866
64,5	0,008	-0,007	30,866
64,6	0,007	0,001	30,866
64,7	0,006	-0,007	30,866
64,8	0,006	-0,007	30,866
64,9	0,007	0,001	30,866
65,0	0,008	-0,007	30,866
65,1	0,009	-0,007	30,866
65,2	0,009	0,009	30,866
65,3	0,008	0,001	30,709
65,4	0,007	0,001	30,709
65,5	0,006	0,009	30,709
65,6	0,005	0,001	30,709
65,7	0,005	0,001	30,866
65,8	0,006	-0,007	30,866
65,9	0,008	0,001	30,866
66,0	0,009	-0,007	30,866
66,1	0,009	-0,007	30,866
66,2	0,007	0,001	30,866
66,3	0,004	-0,007	30,866
66,4	0,003	0,001	30,866
66,5	0,006	-0,007	30,709
66,6	0,010	0,001	30,709
66,7	0,012	-0,015	30,709
66,8	0,012	0,001	30,866
66,9	0,009	0,009	30,709
67,0	0,006	0,001	30,866
67,1	0,006	0,001	30,709
67,2	0,009	0,001	30,866
67,3	0,012	0,017	30,866
67,4	0,013	0,009	30,866
67,5	0,012	0,001	30,866
67,6	0,010	0,001	30,866
67,7	0,010	-0,007	30,866
67,8	0,010	-0,007	30,709
67,9	0,010	-0,015	30,866
68,0	0,009	0,001	30,709
68,1	0,007	0,001	30,709
68,2	0,005	0,001	30,709
68,3	0,004	-0,007	30,709
68,4	0,004	0,001	30,866
68,5	0,006	0,001	30,866
68,6	0,006	0,001	30,866
68,7	0,007	0,009	30,866
68,8	0,007	0,001	30,866
68,9	0,008	0,009	30,866
69,0	0,009	0,001	30,709
69,1	0,010	-0,007	30,866
69,2	0,009	-0,007	30,709
69,3	0,007	-0,007	30,709
69,4	0,005	0,001	30,709
69,5	0,004	0,001	30,709
69,6	0,004	0,001	30,866
69,7	0,004	-0,007	30,866
69,8	0,005	0,001	30,866
69,9	0,006	0,001	30,866
70,0	0,007	-0,007	30,866
70,1	0,010	0,001	30,866
70,2	0,012	0,009	30,866
70,3	0,014	-0,007	30,866
70,4	0,014	0,017	30,709
70,5	0,013	-0,007	30,709
70,6	0,011	0,009	30,709
70,7	0,009	-0,007	30,709
70,8	0,008	-0,007	30,709
70,9	0,008	0,001	30,866
71,0	0,008	-0,007	30,866
71,1	0,008	-0,007	30,866
71,2	0,008	0,009	30,866
71,3	0,007	0,001	30,866
71,4	0,006	0,001	30,866
71,5	0,006	-0,007	30,866
71,6	0,007	-0,007	30,866
71,7	0,009	0,001	30,709
71,8	0,010	0,009	30,866
71,9	0,010	-0,007	30,709
72,0	0,008	-0,007	30,709
72,1	0,005	0,001	30,866
72,2	0,004	-0,007	30,866
72,3	0,004	0,001	30,866
72,4	0,007	-0,007	30,866
72,5	0,011	0,001	30,866
72,6	0,013	0,001	30,866
72,7	0,013	-0,015	30,866
72,8	0,012	0,009	30,866
72,9	0,011	-0,007	30,866
73,0	0,009	0,009	30,709
73,1	0,007	0,001	30,709
73,2	0,004	0,001	30,709
73,3	0,002	0,001	30,709
73,4	0,001	0,001	30,866
73,5	0,002	0,001	30,866
73,6	0,005	0,001	30,866
73,7	0,009	0,009	30,866
73,8	0,012	0,001	30,866
73,9	0,014	-0,015	30,866
74,0	0,013	0,001	30,866
74,1	0,011	0,009	30,866
74,2	0,008	0,001	30,866
74,3	0,005	-0,007	30,709
74,4	0,003	0,001	30,709
74,5	0,003	0,001	30,709
74,6	0,003	0,001	30,866
74,7	0,005	0,001	30,866
74,8	0,007	0,009	30,866
74,9	0,009	-0,007	30,866
75,0	0,010	0,009	30,866
75,1	0,009	0,001	30,866
75,2	0,009	0,001	30,866
75,3	0,008	-0,007	30,866
75,4	0,008	-0,007	30,866
75,5	0,007	0,001	30,866
75,6	0,007	-0,007	30,709
75,7	0,006	-0,007	30,866
75,8	0,006	-0,007	30,866
75,9	0,007	-0,007	30,709
76,0	0,008	0,001	30,709
76,1	0,010	-0,015	30,709
76,2	0,011	-0,007	30,709
76,3	0,012	-0,007	30,709
76,4	0,013	-0,007	30,709
76,5	0,013	0,001	30,551
76,6	0,012	0,009	30,551
76,7	0,011	0,009	30,394
76,8	0,009	-0,007	29,449
76,9	0,008	0,001	26,614
77,0	0,008	0,009	23,307
77,1	0,009	0,001	19,685
77,2	0,010	-0,007	15,906
77,3	0,010	0,009	12,126
77,4	0,009	-0,007	8,504
77,5	0,007	-0,007	5,827
77,6	0,005	0,001	4,094
77,7	0,004	0,001	2,677
77,8	0,005	-0,007	1,575
77,9	0,007	-0,007	1,102
78,0	0,009	-0,007	0,787
78,1	0,009	-0,007	0,630
78,2	0,008	0,001	0,630
78,3	0,006	-0,007	0,630
78,4	0,005	0,001	0,787
78,5	0,005	0,001	0,945
78,6	0,005	0,001	0,945
78,7	0,006	-0,007	1,102
78,8	0,006	0,001	1,102
78,9	0,006	0,001	1,102
79,0	0,005	0,001	1,260
79,1	0,004	0,001	1,260
79,2	0,003	0,001	1,260
79,3	0,003	0,001	1,417
79,4	0,003	0,001	1,417
79,5	0,003	0,001	1,417
79,6	0,003	0,001	1,417
79,7	0,003	0,001	1,417
79,8	0,003	0,001	1,417
79,9	0,002	0,001	1,417
80,0	0,002	0,001	1,417
80,1	0,002	0,001	1,417
80,2	0,002	0,001	1,417
80,3	0,002	0,001	1,417
80,4	0,002	0,001	1,417
80,5	0,002	0,001	1,575
80,6	0,002	0,001	1,575
80,7	0,002	0,001	1,417
80,8	0,002	0,001	1,575
80,9	0,002	0,001	1,575
81,0	0,002	0,001	1,575
81,1	0,002	0,001	1,575
81,2	0,002	0,001	1,575
81,3	0,002	0,001	1,575
81,4	0,002	0,001	1,575
81,5	0,002	0,001	1,575
81,6	0,002	0,001	1,575
81,7	0,001	0,001	1,575
81,8	0,001	0,001	1,575
81,9	0,001	0,001	1,575
82,0	0,001	0,001	1,575
82,1	0,002	0,001	1,575
82,2	0,002	0,001	1,575
82,3	0,001	0,001	1,575
82,4	0,000	0,001	1,575
82,5	0,001	0,001	1,575
82,6	0,003	0,001	1,575
82,7	0,005	0,001	1,575
82,8	0,007	-0,007	1,575
82,9	0,008	-0,007	1,575
83,0	0,006	0,001	1,575
83,1	0,004	0,001	1,575
83,2	0,002	0,001	1,575
83,3	0,002	0,001	1,575
83,4	0,002	0,001	1,575
83,5	0,002	0,001	1,575
83,6	0,001	0,001	1,575
83,7	0,001	0,001	1,575
83,8	0,002	0,001	1,575
83,9	0,004	0,001	1,575
84,0	0,006	-0,007	1,575
84,1	0,007	0,001	1,575
84,2	0,007	0,001	1,575
84,3	0,005	-0,007	1,575
84,4	0,004	0,001	1,575
84,5	0,004	0,001	1,575
84,6	0,004	0,001	1,575
84,7	0,005	-0,007	1,575
84,8	0,004	0,001	1,575
84,9	0,004	0,001	1,575
85,0	0,004	0,001	1,575
85,1	0,004	0,001	1,575
85,2	0,005	-0,007	1,575
85,3	0,005	0,001	1,575
85,4	0,005	0,001	1,575
85,5	0,003	0,001	1,575
85,6	0,002	0,001	1,575
85,7	0,002	0,001	1,575
85,8	0,002	0,001	1,575
85,9	0,002	0,001	1,575
86,0	0,002	0,001	1,575
86,1	0,002	0,001	1,575
86,2	0,002	0,001	1,575
86,3	0,002	0,001	1,575
86,4	0,002	0,001	1,575
86,5	0,001	0,001	1,575
86,6	0,001	0,001	1,575
86,7	0,001	0,001	1,575
86,8	0,002	0,001	1,575
86,9	0,004	0,001	1,575
87,0	0,005	-0,007	1,575
87,1	0,006	0,001	1,575
87,2	0,004	0,001	1,575
87,3	0,002	0,001	1,575
87,4	0,001	0,001	1,575
87,5	0,002	0,001	1,575
87,6	0,003	0,001	1,575
87,7	0,004	0,001	1,575
87,8	0,004	0,001	1,575
87,9	0,004	-0,007	1,575
88,0	0,005	0,001	1,575
88,1	0,006	0,001	1,575
88,2	0,007	-0,007	1,575
88,3	0,007	-0,007	1,575
88,4	0,006	0,001	1,575
88,5	0,004	0,001	1,575
88,6	0,003	0,001	1,575
88,7	0,004	0,001	1,575
88,8	0,005	-0,007	1,575
88,9	0,005	0,001	1,575
89,0	0,005	0,001	1,575
89,1	0,004	0,001	1,575
89,2	0,003	0,001	1,575
89,3	0,002	0,001	1,575
89,4	0,002	0,001	1,575
89,5	0,002	0,001	1,575
89,6	0,002	0,001	1,575
89,7	0,002	0,001	1,575
89,8	0,003	0,001	1,575
89,9	0,004	0,001	1,575
90,0	0,005	0,001	1,575
90,1	0,005	-0,007	1,575
90,2	0,004	0,001	1,575
90,3	0,003	0,001	1,575
90,4	0,003	0,001	1,575
90,5	0,003	0,001	1,575
90,6	0,004	-0,007	1,575
90,7	0,005	0,001	1,575
90,8	0,006	0,001	1,575
90,9	0,005	0,001	1,575
91,0	0,005	0,001	1,575
91,1	0,005	-0,007	1,575
91,2	0,005	0,001	1,575
91,3	0,004	0,001	1,575
91,4	0,004	0,001	1,575
91,5	0,004	-0,007	1,575
91,6	0,006	0,001	1,575
91,7	0,007	-0,007	1,575
91,8	0,008	-0,007	1,575
91,9	0,008	0,001	1,575
92,0	0,006	0,001	1,575
92,1	0,004	0,001	1,575
92,2	0,003	0,001	1,575
92,3	0,003	0,001	1,575
92,4	0,003	0,001	1,575
92,5	0,003	0,001	1,575
92,6	0,003	0,001	1,575
92,7	0,004	0,001	1,575
92,8	0,005	0,001	1,575
92,9	0,006	-0,007	1,575
93,0	0,006	0,001	1,575
93,1	0,004	0,001	1,575
93,2	0,002	0,001	1,575
93,3	0,001	0,001	1,575
93,4	0,002	0,001	1,575
93,5	0,004	0,001	1,575
93,6	0,007	-0,007	1,575
93,7	0,008	-0,007	1,575
93,8	0,007	0,001	1,575
93,9	0,006	0,001	1,575
94,0	0,006	0,001	1,575
94,1	0,006	-0,007	1,575
94,2	0,006	0,001	1,575
94,3	0,005	0,001	1,575
94,4	0,004	0,001	1,575
94,5	0,004	0,001	1,575
94,6	0,005	0,001	1,575
94,7	0,006	-0,007	1,575
94,8	0,007	0,001	1,575
94,9	0,006	0,001	1,575
95,0	0,005	0,001	1,575
95,1	0,004	0,001	1,575
95,2	0,004	0,001	1,575
95,3	0,004	0,001	1,575
95,4	0,004	0,001	1,575
95,5	0,004	0,001	1,575
95,6	0,004	0,001	1,575
95,7	0,004	0,001	1,575
95,8	0,004	0,001	1,575
95,9	0,004	0,001	1,575
96,0	0,004	0,001	1,575
96,1	0,003	0,001	1,575
96,2	0,003	0,001	1,575
96,3	0,004	0,001	1,575
96,4	0,005	0,001	1,575
96,5	0,007	-0,007	1,575
96,6	0,007	0,001	1,575
96,7	0,007	0,001	1,575
96,8	0,005	0,001	1,575
96,9	0,004	0,001	1,575
97,0	0,004	0,001	1,575
97,1	0,004	0,001	1,575
97,2	0,005	0,001	1,575
97,3	0,005	0,001	1,575
97,4	0,004	0,001	1,575
97,5	0,003	0,001	1,575
97,6	0,004	0,001	1,575
97,7	0,005	0,001	1,575
97,8	0,006	0,001	1,575
97,9	0,005	0,001	1,575
98,0	0,003	0,001	1,575
98,1	0,002	0,001	1,575
98,2	0,003	0,001	1,575
98,3	0,006	0,001	1,575
98,4	0,008	-0,007	1,575
98,5	0,009	0,001	1,575
98,6	0,007	0,001	1,575
98,7	0,005	0,001	1,575
98,8	0,005	0,001	1,575
98,9	0,007	0,001	1,575
99,0	0,009	0,001	1,575
99,1	0,008	0,001	1,575
99,2	0,005	0,001	1,575
99,3	0,003	0,001	1,575
99,4	0,004	0,001	1,575
99,5	0,009	0,001	1,575
99,6	0,013	0,001	1,575
99,7	0,012	-0,007	1,575
99,8	0,007	0,001	1,575
99,9	0,003	0,001	1,575
