time [µs]	Amp[V]	HF [V]	TGC [dB]
0,0	0,218	0,003	1,575
0,1	0,601	0,019	1,732
0,2	0,960	0,995	1,260
0,3	1,126	-0,454	0,630
0,4	1,067	-1,013	2,047
0,5	0,920	-0,454	1,890
0,6	0,863	0,412	1,732
0,7	0,964	0,649	1,417
0,8	1,119	0,995	1,260
0,9	1,154	0,798	1,575
1,0	0,993	-0,934	1,890
1,1	0,743	0,121	1,732
1,2	0,607	0,058	1,417
1,3	0,707	-0,603	1,417
1,4	0,969	-1,013	1,575
1,5	1,181	-0,635	1,732
1,6	1,161	0,578	1,575
1,7	0,907	0,885	1,417
1,8	0,587	0,216	1,575
1,9	0,396	-0,084	1,575
2,0	0,410	-0,383	1,575
2,1	0,538	-0,509	1,575
2,2	0,621	0,121	1,575
2,3	0,559	0,491	1,575
2,4	0,378	0,200	1,575
2,5	0,181	-0,115	1,575
2,6	0,059	-0,092	1,575
2,7	0,030	-0,029	1,575
2,8	0,047	-0,021	1,575
2,9	0,059	0,003	1,417
3,0	0,046	0,034	1,575
3,1	0,024	0,034	1,575
3,2	0,013	0,019	1,417
3,3	0,017	-0,005	1,575
3,4	0,023	-0,005	1,575
3,5	0,020	0,003	1,575
3,6	0,012	0,011	1,575
3,7	0,008	0,011	1,575
3,8	0,013	0,011	1,575
3,9	0,021	-0,013	1,575
4,0	0,023	-0,013	1,575
4,1	0,018	0,003	1,575
4,2	0,011	0,011	1,575
4,3	0,009	0,003	1,417
4,4	0,011	-0,005	1,417
4,5	0,014	-0,013	1,575
4,6	0,013	-0,005	1,575
4,7	0,008	-0,005	1,575
4,8	0,005	0,003	1,575
4,9	0,007	0,011	1,575
5,0	0,013	0,011	1,575
5,1	0,017	-0,005	1,575
5,2	0,014	-0,005	1,575
5,3	0,008	-0,005	1,575
5,4	0,003	-0,005	1,575
5,5	0,002	0,003	1,575
5,6	0,005	0,003	1,575
5,7	0,008	0,003	1,575
5,8	0,008	-0,005	1,575
5,9	0,007	0,003	1,575
6,0	0,006	0,003	1,417
6,1	0,008	0,003	1,417
6,2	0,010	0,003	2,835
6,3	0,010	-0,005	4,409
6,4	0,008	-0,005	5,669
6,5	0,005	-0,005	6,457
6,6	0,007	0,003	7,244
6,7	0,011	0,011	7,717
6,8	0,016	0,011	8,189
6,9	0,016	-0,005	8,504
7,0	0,012	-0,005	8,819
7,1	0,007	-0,005	9,291
7,2	0,005	-0,005	9,606
7,3	0,007	0,003	9,921
7,4	0,012	0,011	10,394
7,5	0,015	0,003	10,551
7,6	0,014	-0,005	11,024
7,7	0,010	-0,005	11,339
7,8	0,007	-0,005	11,654
7,9	0,007	0,003	11,969
8,0	0,010	0,003	12,283
8,1	0,012	-0,005	12,598
8,2	0,011	-0,005	12,756
8,3	0,008	-0,005	13,071
8,4	0,006	-0,005	13,543
8,5	0,006	0,003	13,858
8,6	0,008	0,003	14,173
8,7	0,012	0,003	14,488
8,8	0,014	-0,005	14,803
8,9	0,014	-0,005	15,118
9,0	0,014	-0,005	15,433
9,1	0,014	-0,005	15,748
9,2	0,015	-0,013	16,063
9,3	0,015	-0,013	16,378
9,4	0,014	-0,013	16,693
9,5	0,011	-0,005	17,008
9,6	0,008	0,003	17,323
9,7	0,008	0,003	17,638
9,8	0,012	-0,005	17,953
9,9	0,017	-0,013	18,268
10,0	0,019	-0,013	18,740
10,1	0,017	-0,013	19,055
10,2	0,012	-0,013	19,213
10,3	0,008	-0,005	19,685
10,4	0,011	0,011	19,843
10,5	0,019	0,011	20,157
10,6	0,028	-0,005	20,472
10,7	0,031	-0,021	20,787
10,8	0,027	-0,029	21,102
10,9	0,021	-0,021	21,417
11,0	0,020	-0,005	21,732
11,1	0,024	0,019	22,047
11,2	0,029	0,019	22,520
11,3	0,030	0,003	22,835
11,4	0,024	-0,013	23,150
11,5	0,017	-0,021	23,465
11,6	0,018	-0,021	23,780
11,7	0,023	-0,021	24,094
11,8	0,026	-0,005	24,409
11,9	0,018	0,003	24,724
12,0	0,002	0,003	24,882
12,1	0,008	0,003	25,354
12,2	0,001	0,003	25,512
12,3	0,022	-0,005	25,827
12,4	0,034	-0,005	26,299
12,5	0,022	-0,013	26,614
12,6	0,005	-0,005	26,929
12,7	0,018	0,003	27,244
12,8	0,006	0,019	27,559
12,9	0,052	0,019	27,874
13,0	0,078	-0,005	28,189
13,1	0,050	-0,021	28,504
13,2	0,011	-0,036	28,819
13,3	0,032	-0,021	29,134
13,4	0,058	-0,060	29,449
13,5	0,271	-0,029	29,764
13,6	0,541	0,397	30,079
13,7	0,774	0,570	30,394
13,8	0,927	-0,595	30,866
13,9	1,033	-1,013	31,339
14,0	1,149	-0,202	31,181
14,1	1,287	0,995	31,024
14,2	1,377	0,995	31,024
14,3	1,328	-0,903	31,024
14,4	1,118	-1,013	31,024
14,5	0,840	-0,462	31,024
14,6	0,647	0,302	30,866
14,7	0,645	0,184	30,866
14,8	0,815	0,751	30,866
14,9	1,041	0,995	30,866
15,0	1,202	-0,469	31,024
15,1	1,263	-1,013	31,024
15,2	1,269	-0,737	31,024
15,3	1,285	0,995	30,866
15,4	1,322	0,995	31,024
15,5	1,333	-0,887	31,024
15,6	1,264	-1,013	31,024
15,7	1,117	-0,706	31,024
15,8	0,956	0,468	30,866
15,9	0,861	0,696	30,866
16,0	0,867	0,822	30,866
16,1	0,945	0,562	30,866
16,2	1,030	-0,454	31,024
16,3	1,066	-1,013	31,024
16,4	1,033	-0,619	31,024
16,5	0,945	0,397	30,866
16,6	0,828	0,830	30,866
16,7	0,698	0,468	30,866
16,8	0,568	-0,107	30,866
16,9	0,449	-0,391	31,024
17,0	0,355	-0,336	31,024
17,1	0,293	-0,123	30,866
17,2	0,261	0,090	30,866
17,3	0,246	0,223	30,866
17,4	0,234	0,208	30,866
17,5	0,215	0,050	30,866
17,6	0,191	-0,139	30,866
17,7	0,162	-0,155	30,866
17,8	0,128	-0,029	31,024
17,9	0,090	0,066	31,024
18,0	0,055	0,058	30,866
18,1	0,033	0,011	31,024
18,2	0,031	0,027	30,866
18,3	0,048	0,027	30,866
18,4	0,073	-0,052	30,866
18,5	0,089	-0,076	30,866
18,6	0,087	0,027	30,866
18,7	0,068	0,066	30,866
18,8	0,047	0,011	30,866
18,9	0,033	-0,029	30,866
19,0	0,031	-0,029	31,024
19,1	0,036	-0,021	30,866
19,2	0,040	0,019	30,866
19,3	0,040	0,034	30,866
19,4	0,037	0,019	30,866
19,5	0,035	-0,036	30,866
19,6	0,035	-0,013	30,866
19,7	0,035	0,019	30,866
19,8	0,031	0,027	30,866
19,9	0,022	0,011	30,866
20,0	0,012	-0,013	30,866
20,1	0,005	0,003	30,866
20,2	0,004	0,003	30,866
20,3	0,009	-0,005	30,866
20,4	0,015	-0,005	30,866
20,5	0,018	0,019	31,024
20,6	0,016	0,011	31,024
20,7	0,013	0,003	30,866
20,8	0,012	-0,005	30,866
20,9	0,016	-0,013	30,866
21,0	0,021	-0,021	30,866
21,1	0,025	-0,013	30,866
21,2	0,025	0,011	30,866
21,3	0,020	0,019	30,709
21,4	0,013	0,011	30,866
21,5	0,008	-0,005	30,866
21,6	0,005	0,003	30,866
21,7	0,005	0,003	30,866
21,8	0,007	0,011	30,866
21,9	0,010	-0,005	30,866
22,0	0,013	-0,005	31,024
22,1	0,017	0,011	30,866
22,2	0,021	0,019	30,866
22,3	0,023	-0,021	30,866
22,4	0,022	-0,013	30,866
22,5	0,018	-0,013	30,866
22,6	0,013	0,011	30,866
22,7	0,011	-0,005	30,866
22,8	0,011	0,003	30,866
22,9	0,014	0,011	30,866
23,0	0,015	0,011	30,866
23,1	0,013	-0,005	30,866
23,2	0,008	-0,005	30,866
23,3	0,004	0,003	30,866
23,4	0,003	0,003	30,866
23,5	0,006	0,003	30,866
23,6	0,013	0,011	30,866
23,7	0,019	0,003	30,866
23,8	0,021	-0,021	30,866
23,9	0,018	-0,013	30,866
24,0	0,010	0,003	30,866
24,1	0,004	-0,005	30,866
24,2	0,003	0,003	30,866
24,3	0,007	-0,005	30,866
24,4	0,012	0,011	30,866
24,5	0,015	-0,005	30,866
24,6	0,014	0,003	30,866
24,7	0,010	0,011	30,866
24,8	0,007	0,003	30,866
24,9	0,011	0,011	30,866
25,0	0,023	0,011	30,866
25,1	0,041	-0,005	30,709
25,2	0,063	-0,060	30,866
25,3	0,087	-0,068	30,866
25,4	0,115	0,034	30,866
25,5	0,147	0,145	30,866
25,6	0,181	0,042	30,866
25,7	0,212	-0,186	30,866
25,8	0,233	-0,170	30,866
25,9	0,241	0,105	30,866
26,0	0,236	0,231	30,866
26,1	0,222	0,050	30,866
26,2	0,206	-0,170	30,866
26,3	0,192	-0,170	30,866
26,4	0,181	-0,005	30,709
26,5	0,172	0,145	30,866
26,6	0,164	0,145	30,866
26,7	0,156	-0,005	30,866
26,8	0,150	-0,131	30,866
26,9	0,145	-0,123	30,866
27,0	0,138	0,011	30,866
27,1	0,126	0,121	30,866
27,2	0,111	0,066	30,866
27,3	0,096	-0,044	30,866
27,4	0,085	-0,092	30,866
27,5	0,081	-0,013	30,866
27,6	0,083	0,058	30,709
27,7	0,083	0,074	30,866
27,8	0,077	-0,013	30,866
27,9	0,066	-0,068	30,709
28,0	0,054	-0,029	30,866
28,1	0,046	0,034	30,866
28,2	0,045	0,011	30,866
28,3	0,050	-0,052	30,866
28,4	0,057	-0,029	30,866
28,5	0,063	0,042	30,866
28,6	0,065	0,058	30,866
28,7	0,064	0,003	30,866
28,8	0,059	-0,052	30,709
28,9	0,050	-0,044	30,866
29,0	0,039	0,003	30,866
29,1	0,029	0,019	30,866
29,2	0,025	0,019	30,866
29,3	0,026	0,027	30,866
29,4	0,032	0,011	30,866
29,5	0,038	-0,029	30,866
29,6	0,041	-0,036	30,866
29,7	0,041	0,019	30,866
29,8	0,041	0,034	30,866
29,9	0,042	-0,013	30,866
30,0	0,043	-0,044	30,866
30,1	0,044	-0,005	30,866
30,2	0,041	0,042	30,866
30,3	0,039	0,011	30,709
30,4	0,037	-0,029	30,866
30,5	0,038	-0,029	30,866
30,6	0,038	0,019	30,866
30,7	0,034	0,034	30,866
30,8	0,025	-0,005	30,866
30,9	0,015	-0,013	30,866
31,0	0,009	-0,005	30,866
31,1	0,009	-0,013	30,866
31,2	0,013	-0,005	30,866
31,3	0,017	0,003	30,866
31,4	0,016	0,011	30,866
31,5	0,012	0,011	30,709
31,6	0,009	0,003	30,866
31,7	0,010	-0,013	30,866
31,8	0,016	-0,005	30,866
31,9	0,023	0,003	30,866
32,0	0,027	0,027	30,866
32,1	0,025	0,019	30,866
32,2	0,021	0,003	30,866
32,3	0,019	-0,021	30,866
32,4	0,021	-0,013	30,866
32,5	0,027	-0,021	30,866
32,6	0,031	0,011	30,866
32,7	0,029	0,027	30,709
32,8	0,023	0,019	30,709
32,9	0,014	-0,005	30,709
33,0	0,007	0,003	30,709
33,1	0,006	-0,005	30,866
33,2	0,010	0,003	30,866
33,3	0,017	0,011	30,866
33,4	0,023	0,019	30,866
33,5	0,026	0,003	30,866
33,6	0,027	-0,029	30,866
33,7	0,028	-0,013	30,866
33,8	0,030	0,003	30,866
33,9	0,033	0,042	30,866
34,0	0,036	0,011	30,866
34,1	0,038	-0,005	30,709
34,2	0,036	-0,044	30,866
34,3	0,033	-0,013	30,866
34,4	0,028	0,011	30,866
34,5	0,023	0,011	30,866
34,6	0,022	0,027	30,866
34,7	0,023	0,019	30,866
34,8	0,028	-0,005	30,866
34,9	0,035	-0,029	30,866
35,0	0,041	-0,029	30,866
35,1	0,045	0,027	30,866
35,2	0,044	0,042	30,709
35,3	0,037	0,011	30,709
35,4	0,027	-0,021	30,709
35,5	0,015	-0,013	30,709
35,6	0,007	0,003	30,709
35,7	0,005	-0,005	30,866
35,8	0,012	-0,013	30,866
35,9	0,025	-0,005	30,866
36,0	0,040	0,027	30,866
36,1	0,053	0,050	30,866
36,2	0,063	0,011	30,866
36,3	0,070	-0,060	30,866
36,4	0,078	-0,068	30,866
36,5	0,087	-0,013	30,866
36,6	0,094	0,074	30,709
36,7	0,096	0,090	30,709
36,8	0,088	0,003	30,709
36,9	0,073	-0,060	30,709
37,0	0,055	-0,052	30,866
37,1	0,042	-0,005	30,866
37,2	0,036	0,011	30,866
37,3	0,038	0,034	30,866
37,4	0,044	0,042	30,866
37,5	0,051	0,034	30,866
37,6	0,057	-0,005	30,866
37,7	0,062	-0,052	30,866
37,8	0,066	-0,060	30,866
37,9	0,067	-0,005	30,709
38,0	0,063	0,050	30,709
38,1	0,053	0,050	30,709
38,2	0,040	-0,013	30,709
38,3	0,027	-0,021	30,866
38,4	0,019	-0,013	30,866
38,5	0,018	0,011	30,866
38,6	0,021	0,019	30,866
38,7	0,028	-0,021	30,866
38,8	0,036	-0,029	30,866
38,9	0,045	-0,005	30,866
39,0	0,051	0,050	30,866
39,1	0,054	0,034	30,709
39,2	0,050	-0,029	30,709
39,3	0,040	-0,036	30,709
39,4	0,028	-0,005	30,709
39,5	0,020	0,019	30,709
39,6	0,017	-0,013	30,866
39,7	0,022	-0,013	30,866
39,8	0,030	0,019	30,866
39,9	0,038	0,034	30,866
40,0	0,042	0,019	30,866
40,1	0,042	-0,029	30,866
40,2	0,039	-0,036	30,866
40,3	0,036	-0,013	30,866
40,4	0,033	0,027	30,709
40,5	0,031	0,027	30,709
40,6	0,028	0,011	30,709
40,7	0,024	-0,013	30,709
40,8	0,019	-0,021	30,866
40,9	0,015	-0,013	30,866
41,0	0,012	-0,005	30,866
41,1	0,010	0,003	30,866
41,2	0,009	0,003	30,866
41,3	0,007	0,011	30,866
41,4	0,007	0,003	30,866
41,5	0,009	-0,005	30,866
41,6	0,015	0,011	30,866
41,7	0,022	-0,005	30,866
41,8	0,027	-0,029	30,709
41,9	0,027	-0,013	30,709
42,0	0,023	0,019	30,709
42,1	0,018	0,011	30,866
42,2	0,016	0,003	30,866
42,3	0,016	-0,021	30,866
42,4	0,018	-0,005	30,866
42,5	0,019	0,011	30,866
42,6	0,019	0,019	30,866
42,7	0,018	-0,005	30,866
42,8	0,016	-0,013	30,866
42,9	0,015	-0,013	30,866
43,0	0,013	-0,005	30,709
43,1	0,010	0,011	30,709
43,2	0,007	0,003	30,709
43,3	0,005	0,003	30,709
43,4	0,004	0,003	30,866
43,5	0,006	-0,005	30,866
43,6	0,007	-0,005	30,866
43,7	0,007	-0,005	30,866
43,8	0,005	-0,005	30,866
43,9	0,003	0,003	30,866
44,0	0,004	-0,005	30,866
44,1	0,008	0,003	30,866
44,2	0,014	0,003	30,866
44,3	0,018	-0,021	30,709
44,4	0,020	-0,013	30,709
44,5	0,019	0,003	30,709
44,6	0,015	0,011	30,866
44,7	0,010	0,011	30,709
44,8	0,006	0,003	30,709
44,9	0,004	0,003	30,866
45,0	0,007	0,003	30,866
45,1	0,013	-0,005	30,866
45,2	0,021	-0,013	30,866
45,3	0,029	-0,029	30,866
45,4	0,032	-0,013	30,866
45,5	0,031	0,027	30,709
45,6	0,029	0,019	30,709
45,7	0,031	-0,013	30,709
45,8	0,035	-0,036	30,709
45,9	0,040	-0,021	30,709
46,0	0,040	0,019	30,866
46,1	0,033	0,034	30,709
46,2	0,022	0,011	30,866
46,3	0,013	0,003	30,866
46,4	0,011	0,003	30,866
46,5	0,019	-0,013	30,866
46,6	0,032	-0,029	30,866
46,7	0,044	-0,036	30,866
46,8	0,049	-0,005	30,866
46,9	0,047	0,034	30,709
47,0	0,041	0,042	30,709
47,1	0,036	0,011	30,709
47,2	0,033	-0,021	30,866
47,3	0,033	-0,029	30,866
47,4	0,032	-0,029	30,866
47,5	0,030	0,003	30,866
47,6	0,029	0,011	30,866
47,7	0,028	0,019	30,866
47,8	0,029	0,034	30,866
47,9	0,032	0,019	30,866
48,0	0,034	0,003	30,866
48,1	0,034	-0,036	30,866
48,2	0,033	-0,021	30,866
48,3	0,032	0,003	30,709
48,4	0,028	0,027	30,709
48,5	0,024	0,019	30,709
48,6	0,018	0,011	30,709
48,7	0,012	-0,013	30,866
48,8	0,010	-0,005	30,866
48,9	0,012	-0,013	30,866
49,0	0,017	-0,005	30,866
49,1	0,021	0,003	30,709
49,2	0,020	0,027	30,866
49,3	0,015	0,003	30,709
49,4	0,009	0,003	30,866
49,5	0,005	0,003	30,709
49,6	0,006	0,003	30,866
49,7	0,011	-0,013	30,709
49,8	0,016	0,011	30,709
49,9	0,018	0,011	30,709
50,0	0,016	0,003	30,866
50,1	0,011	0,003	30,709
50,2	0,007	-0,013	30,866
50,3	0,005	0,003	30,866
50,4	0,006	-0,005	30,866
50,5	0,010	0,003	30,866
50,6	0,013	-0,005	30,866
50,7	0,015	0,019	30,709
50,8	0,014	0,011	30,866
50,9	0,012	-0,005	30,709
51,0	0,009	-0,005	30,709
51,1	0,008	-0,005	30,709
51,2	0,007	-0,005	30,866
51,3	0,007	0,011	30,866
51,4	0,007	0,003	30,866
51,5	0,007	0,003	30,866
51,6	0,007	0,003	30,866
51,7	0,007	-0,005	30,866
51,8	0,007	0,011	30,866
51,9	0,008	0,003	30,709
52,0	0,009	-0,005	30,866
52,1	0,011	-0,005	30,709
52,2	0,013	0,003	30,709
52,3	0,015	0,019	30,709
52,4	0,015	0,011	30,866
52,5	0,015	0,003	30,866
52,6	0,014	-0,013	30,866
52,7	0,012	0,003	30,866
52,8	0,010	0,011	30,866
52,9	0,007	0,003	30,866
53,0	0,006	-0,005	30,866
53,1	0,005	0,003	30,866
53,2	0,006	-0,005	30,866
53,3	0,008	0,003	30,866
53,4	0,009	0,011	30,709
53,5	0,009	0,003	30,709
53,6	0,008	-0,005	30,709
53,7	0,006	0,003	30,709
53,8	0,005	-0,005	30,709
53,9	0,006	-0,005	30,866
54,0	0,008	0,003	30,866
54,1	0,009	-0,005	30,866
54,2	0,008	0,011	30,866
54,3	0,007	0,003	30,709
54,4	0,007	0,003	30,866
54,5	0,007	0,003	30,866
54,6	0,008	-0,005	30,709
54,7	0,009	0,011	30,709
54,8	0,008	-0,005	30,709
54,9	0,006	0,003	30,709
55,0	0,005	0,003	30,709
55,1	0,005	0,003	30,709
55,2	0,006	-0,005	30,866
55,3	0,007	0,003	30,866
55,4	0,007	0,003	30,866
55,5	0,007	-0,005	30,866
55,6	0,007	0,003	30,866
55,7	0,007	0,003	30,866
55,8	0,007	0,011	30,866
55,9	0,007	-0,005	30,709
56,0	0,006	0,003	30,709
56,1	0,007	-0,005	30,709
56,2	0,009	0,011	30,709
56,3	0,013	0,011	30,709
56,4	0,016	0,011	30,709
56,5	0,017	-0,005	30,866
56,6	0,014	-0,013	30,866
56,7	0,009	-0,005	30,866
56,8	0,005	0,003	30,866
56,9	0,005	0,003	30,866
57,0	0,007	0,011	30,709
57,1	0,010	-0,005	30,866
57,2	0,010	0,003	30,866
57,3	0,008	0,003	30,709
57,4	0,005	-0,005	30,709
57,5	0,005	-0,005	30,709
57,6	0,008	0,003	30,709
57,7	0,014	-0,013	30,866
57,8	0,017	0,011	30,866
57,9	0,015	-0,005	30,866
58,0	0,011	-0,013	30,866
58,1	0,007	0,003	30,866
58,2	0,006	0,003	30,866
58,3	0,008	-0,005	30,709
58,4	0,008	-0,005	30,709
58,5	0,006	0,003	30,709
58,6	0,002	-0,005	30,709
58,7	0,001	0,003	30,709
58,8	0,008	-0,005	30,709
58,9	0,026	-0,021	30,866
59,0	0,058	-0,005	30,866
59,1	0,104	0,097	30,709
59,2	0,166	0,129	30,866
59,3	0,237	-0,060	30,709
59,4	0,302	-0,296	30,866
59,5	0,338	-0,186	30,866
59,6	0,328	0,153	30,709
59,7	0,273	0,286	30,709
59,8	0,196	0,113	30,709
59,9	0,134	-0,013	30,709
60,0	0,119	-0,013	30,709
60,1	0,155	-0,092	30,709
60,2	0,223	-0,233	30,866
60,3	0,285	-0,194	30,709
60,4	0,314	0,082	30,709
60,5	0,304	0,286	30,866
60,6	0,267	0,200	30,709
60,7	0,223	-0,029	30,866
60,8	0,187	-0,162	30,709
60,9	0,163	-0,155	30,709
61,0	0,146	-0,060	30,709
61,1	0,132	0,050	30,709
61,2	0,117	0,113	30,709
61,3	0,104	0,090	30,709
61,4	0,092	0,011	30,709
61,5	0,081	-0,052	30,709
61,6	0,070	-0,068	30,866
61,7	0,061	-0,044	30,866
61,8	0,054	-0,005	30,866
61,9	0,050	0,042	30,709
62,0	0,049	0,042	30,709
62,1	0,048	0,027	30,709
62,2	0,044	-0,021	30,866
62,3	0,038	-0,036	30,709
62,4	0,032	-0,029	30,709
62,5	0,027	-0,013	30,709
62,6	0,026	-0,005	30,709
62,7	0,027	0,019	30,709
62,8	0,028	0,027	30,709
62,9	0,026	0,019	30,709
63,0	0,022	0,003	30,866
63,1	0,016	-0,013	30,866
63,2	0,013	-0,013	30,866
63,3	0,013	-0,013	30,866
63,4	0,016	-0,005	30,866
63,5	0,021	-0,005	30,709
63,6	0,024	0,027	30,709
63,7	0,026	0,019	30,709
63,8	0,026	0,003	30,709
63,9	0,024	-0,021	30,709
64,0	0,023	-0,021	30,709
64,1	0,021	-0,013	30,709
64,2	0,019	0,003	30,709
64,3	0,017	0,011	30,709
64,4	0,016	0,019	30,866
64,5	0,016	0,011	30,709
64,6	0,017	0,011	30,866
64,7	0,017	-0,005	30,866
64,8	0,015	-0,013	30,709
64,9	0,011	-0,013	30,866
65,0	0,008	0,003	30,709
65,1	0,007	-0,005	30,709
65,2	0,009	0,003	30,709
65,3	0,011	0,011	30,709
65,4	0,013	-0,005	30,709
65,5	0,012	-0,013	30,709
65,6	0,009	0,003	30,866
65,7	0,006	-0,005	30,866
65,8	0,004	-0,005	30,709
65,9	0,004	-0,005	30,709
66,0	0,005	0,003	30,866
66,1	0,006	-0,005	30,866
66,2	0,007	0,003	30,866
66,3	0,007	-0,005	30,709
66,4	0,007	-0,005	30,709
66,5	0,006	0,003	30,709
66,6	0,005	0,003	30,709
66,7	0,004	0,003	30,709
66,8	0,004	0,003	30,866
66,9	0,004	0,003	30,866
67,0	0,005	-0,005	30,866
67,1	0,006	-0,005	30,866
67,2	0,007	-0,005	30,866
67,3	0,006	-0,005	30,866
67,4	0,006	0,003	30,866
67,5	0,005	-0,005	30,709
67,6	0,005	0,003	30,709
67,7	0,005	0,003	30,709
67,8	0,006	-0,005	30,709
67,9	0,008	0,003	30,709
68,0	0,009	0,003	30,709
68,1	0,009	-0,013	30,866
68,2	0,009	0,003	30,866
68,3	0,009	0,003	30,866
68,4	0,009	-0,005	30,866
68,5	0,008	0,003	30,866
68,6	0,008	0,011	30,866
68,7	0,006	0,003	30,709
68,8	0,005	0,003	30,709
68,9	0,005	-0,005	30,709
69,0	0,006	0,003	30,709
69,1	0,006	-0,005	30,709
69,2	0,006	-0,005	30,709
69,3	0,006	0,003	30,709
69,4	0,005	0,003	30,866
69,5	0,005	-0,005	30,866
69,6	0,007	-0,005	30,866
69,7	0,008	-0,005	30,866
69,8	0,010	0,003	30,866
69,9	0,011	0,003	30,866
70,0	0,012	0,011	30,866
70,1	0,012	0,011	30,709
70,2	0,010	0,003	30,709
70,3	0,007	0,011	30,709
70,4	0,005	0,003	30,709
70,5	0,005	0,003	30,709
70,6	0,008	-0,005	30,709
70,7	0,014	-0,005	30,709
70,8	0,018	0,019	30,866
70,9	0,019	0,003	30,866
71,0	0,017	-0,013	30,866
71,1	0,012	0,011	30,866
71,2	0,008	-0,005	30,866
71,3	0,007	0,011	30,709
71,4	0,009	-0,005	30,709
71,5	0,011	0,011	30,709
71,6	0,011	-0,005	30,709
71,7	0,009	-0,005	30,709
71,8	0,006	-0,005	30,709
71,9	0,005	0,003	30,709
72,0	0,006	0,003	30,866
72,1	0,006	-0,005	30,866
72,2	0,006	-0,005	30,866
72,3	0,005	0,003	30,866
72,4	0,004	0,003	30,866
72,5	0,006	0,003	30,709
72,6	0,010	0,003	30,709
72,7	0,013	-0,013	30,709
72,8	0,014	-0,013	30,709
72,9	0,012	0,003	30,709
73,0	0,008	-0,005	30,709
73,1	0,005	-0,005	30,709
73,2	0,005	0,003	30,709
73,3	0,007	0,003	30,866
73,4	0,009	0,003	30,866
73,5	0,010	0,011	30,866
73,6	0,009	0,003	30,866
73,7	0,007	-0,005	30,866
73,8	0,005	-0,005	30,709
73,9	0,006	-0,005	30,709
74,0	0,009	-0,005	30,709
74,1	0,013	-0,013	30,709
74,2	0,015	0,003	30,709
74,3	0,014	0,011	30,709
74,4	0,011	0,011	30,709
74,5	0,008	0,003	30,709
74,6	0,007	0,011	30,866
74,7	0,009	0,003	30,866
74,8	0,012	-0,005	30,866
74,9	0,015	-0,013	30,866
75,0	0,015	0,011	30,866
75,1	0,013	0,011	30,866
75,2	0,010	0,003	30,709
75,3	0,007	-0,005	30,709
75,4	0,006	-0,005	30,709
75,5	0,005	0,003	30,709
75,6	0,005	0,003	30,709
75,7	0,005	0,003	30,709
75,8	0,005	-0,005	30,709
75,9	0,005	0,003	30,709
76,0	0,005	-0,005	30,709
76,1	0,005	0,003	30,709
76,2	0,005	-0,005	30,709
76,3	0,005	-0,005	30,709
76,4	0,006	-0,005	30,709
76,5	0,007	0,003	30,709
76,6	0,008	0,003	30,551
76,7	0,009	0,011	30,551
76,8	0,009	-0,005	30,394
76,9	0,008	-0,005	29,134
77,0	0,006	-0,005	26,142
77,1	0,005	0,003	22,677
77,2	0,004	0,003	19,055
77,3	0,004	0,003	15,276
77,4	0,005	-0,005	11,496
77,5	0,006	0,003	8,031
77,6	0,007	-0,005	5,512
77,7	0,006	-0,005	3,780
77,8	0,006	-0,005	2,362
77,9	0,005	-0,005	1,575
78,0	0,006	-0,005	0,945
78,1	0,007	-0,005	0,787
78,2	0,007	-0,005	0,630
78,3	0,007	-0,005	0,630
78,4	0,007	0,003	0,787
78,5	0,007	0,003	0,787
78,6	0,007	-0,005	0,945
78,7	0,007	-0,005	0,945
78,8	0,008	0,003	1,102
78,9	0,007	0,003	1,102
79,0	0,006	0,003	1,102
79,1	0,004	0,003	1,260
79,2	0,003	0,003	1,260
79,3	0,003	0,003	1,260
79,4	0,004	0,003	1,417
79,5	0,005	0,003	1,417
79,6	0,006	0,003	1,417
79,7	0,006	-0,005	1,417
79,8	0,005	0,003	1,417
79,9	0,004	0,003	1,417
80,0	0,004	0,003	1,417
80,1	0,004	0,003	1,575
80,2	0,005	0,003	1,417
80,3	0,005	-0,005	1,417
80,4	0,005	0,003	1,575
80,5	0,004	0,003	1,575
80,6	0,004	0,003	1,575
80,7	0,003	0,003	1,575
80,8	0,003	0,003	1,575
80,9	0,003	0,003	1,575
81,0	0,003	0,003	1,575
81,1	0,003	0,003	1,575
81,2	0,004	0,003	1,575
81,3	0,005	0,003	1,575
81,4	0,007	-0,005	1,575
81,5	0,007	-0,005	1,575
81,6	0,006	0,003	1,575
81,7	0,004	0,003	1,575
81,8	0,003	0,003	1,575
81,9	0,003	0,003	1,575
82,0	0,004	0,003	1,575
82,1	0,004	0,003	1,575
82,2	0,004	-0,005	1,575
82,3	0,004	0,003	1,575
82,4	0,005	-0,005	1,575
82,5	0,006	0,003	1,575
82,6	0,007	-0,005	1,575
82,7	0,008	-0,005	1,575
82,8	0,007	0,003	1,575
82,9	0,006	0,003	1,575
83,0	0,004	0,003	1,575
83,1	0,004	0,003	1,575
83,2	0,004	0,003	1,575
83,3	0,004	0,003	1,575
83,4	0,004	0,003	1,575
83,5	0,004	0,003	1,575
83,6	0,004	0,003	1,575
83,7	0,005	0,003	1,575
83,8	0,005	0,003	1,575
83,9	0,006	-0,005	1,575
84,0	0,005	0,003	1,575
84,1	0,004	0,003	1,575
84,2	0,003	0,003	1,575
84,3	0,003	0,003	1,575
84,4	0,003	0,003	1,575
84,5	0,003	0,003	1,575
84,6	0,003	0,003	1,575
84,7	0,003	0,003	1,575
84,8	0,004	0,003	1,575
84,9	0,004	0,003	1,575
85,0	0,005	0,003	1,575
85,1	0,005	-0,005	1,575
85,2	0,005	0,003	1,575
85,3	0,004	0,003	1,575
85,4	0,003	0,003	1,575
85,5	0,003	0,003	1,575
85,6	0,003	0,003	1,575
85,7	0,003	0,003	1,575
85,8	0,003	0,003	1,575
85,9	0,003	0,003	1,575
86,0	0,004	0,003	1,575
86,1	0,004	0,003	1,575
86,2	0,005	0,003	1,575
86,3	0,005	-0,005	1,575
86,4	0,005	0,003	1,575
86,5	0,004	0,003	1,575
86,6	0,003	0,003	1,575
86,7	0,002	0,003	1,575
86,8	0,002	0,003	1,575
86,9	0,003	0,003	1,575
87,0	0,004	0,003	1,575
87,1	0,005	0,003	1,575
87,2	0,005	-0,005	1,575
87,3	0,005	0,003	1,575
87,4	0,004	0,003	1,575
87,5	0,004	0,003	1,575
87,6	0,005	0,003	1,575
87,7	0,005	0,003	1,575
87,8	0,006	0,003	1,575
87,9	0,005	-0,005	1,575
88,0	0,004	0,003	1,575
88,1	0,004	0,003	1,575
88,2	0,004	0,003	1,575
88,3	0,005	0,003	1,575
88,4	0,006	0,003	1,575
88,5	0,006	-0,005	1,575
88,6	0,005	0,003	1,575
88,7	0,004	-0,005	1,575
88,8	0,004	0,003	1,575
88,9	0,004	0,003	1,575
89,0	0,004	0,003	1,575
89,1	0,005	-0,005	1,575
89,2	0,006	0,003	1,575
89,3	0,006	0,003	1,575
89,4	0,005	-0,005	1,575
89,5	0,004	0,003	1,575
89,6	0,003	0,003	1,575
89,7	0,003	0,003	1,575
89,8	0,004	0,003	1,575
89,9	0,005	0,003	1,575
90,0	0,005	-0,005	1,575
90,1	0,005	0,003	1,575
90,2	0,005	0,003	1,575
90,3	0,004	0,003	1,575
90,4	0,003	0,003	1,575
90,5	0,003	0,003	1,575
90,6	0,004	0,003	1,575
90,7	0,004	0,003	1,575
90,8	0,004	0,003	1,575
90,9	0,004	0,003	1,575
91,0	0,005	0,003	1,575
91,1	0,006	0,003	1,575
91,2	0,007	-0,005	1,575
91,3	0,008	0,003	1,575
91,4	0,008	0,003	1,575
91,5	0,008	-0,005	1,575
91,6	0,007	0,003	1,575
91,7	0,006	-0,005	1,575
91,8	0,006	-0,005	1,575
91,9	0,006	-0,005	1,575
92,0	0,006	-0,005	1,575
92,1	0,006	-0,005	1,575
92,2	0,006	0,003	1,575
92,3	0,005	-0,005	1,575
92,4	0,005	0,003	1,575
92,5	0,005	0,003	1,575
92,6	0,005	0,003	1,575
92,7	0,005	-0,005	1,575
92,8	0,005	0,003	1,575
92,9	0,005	0,003	1,575
93,0	0,005	0,003	1,575
93,1	0,005	-0,005	1,575
93,2	0,005	0,003	1,575
93,3	0,005	-0,005	1,575
93,4	0,005	0,003	1,575
93,5	0,005	-0,005	1,575
93,6	0,006	-0,005	1,575
93,7	0,006	-0,005	1,575
93,8	0,006	0,003	1,575
93,9	0,005	-0,005	1,575
94,0	0,005	0,003	1,575
94,1	0,005	0,003	1,575
94,2	0,006	-0,005	1,575
94,3	0,006	0,003	1,575
94,4	0,006	0,003	1,575
94,5	0,005	-0,005	1,575
94,6	0,005	0,003	1,575
94,7	0,005	0,003	1,575
94,8	0,006	-0,005	1,575
94,9	0,007	-0,005	1,575
95,0	0,007	0,003	1,575
95,1	0,005	0,003	1,575
95,2	0,004	0,003	1,575
95,3	0,003	0,003	1,575
95,4	0,003	0,003	1,575
95,5	0,004	0,003	1,575
95,6	0,004	0,003	1,575
95,7	0,003	0,003	1,575
95,8	0,003	0,003	1,575
95,9	0,003	0,003	1,575
96,0	0,004	0,003	1,575
96,1	0,005	0,003	1,575
96,2	0,006	0,003	1,575
96,3	0,005	-0,005	1,575
96,4	0,004	0,003	1,575
96,5	0,003	0,003	1,575
96,6	0,003	0,003	1,575
96,7	0,005	0,003	1,575
96,8	0,007	-0,005	1,575
96,9	0,007	0,003	1,575
97,0	0,006	0,003	1,575
97,1	0,006	-0,005	1,575
97,2	0,005	0,003	1,575
97,3	0,005	0,003	1,575
97,4	0,005	0,003	1,575
97,5	0,005	-0,005	1,575
97,6	0,004	0,003	1,575
97,7	0,004	-0,005	1,575
97,8	0,005	0,003	1,575
97,9	0,006	0,003	1,575
98,0	0,006	-0,005	1,575
98,1	0,005	0,003	1,575
98,2	0,005	0,003	1,575
98,3	0,007	-0,005	1,575
98,4	0,008	-0,005	1,575
98,5	0,009	0,003	1,575
98,6	0,007	0,003	1,575
98,7	0,004	-0,005	1,575
98,8	0,004	0,003	1,575
98,9	0,006	-0,005	1,575
99,0	0,008	0,003	1,575
99,1	0,008	0,003	1,575
99,2	0,005	0,003	1,575
99,3	0,001	-0,005	1,575
99,4	0,002	0,003	1,575
99,5	0,006	-0,005	1,575
99,6	0,010	0,003	1,575
99,7	0,009	0,003	1,575
99,8	0,003	-0,005	1,575
99,9	0,001	-0,005	1,575
