# f [Hertz], U_Br [Volt], U_s [Volt], U_Br,eff [Volt]
   20       560e-3     2500e-3      198e-3
   40       510e-3     2500e-3      180e-3
   80       390e-3     2600e-3      138e-3
  160       150e-3     2700e-3       53e-3
  220        40e-3     2750e-3       14e-3
  240         2e-3     2750e-3        0.71e-3
  260        30e-3     2750e-3       11e-3
  280        60e-3     2750e-3       21e-3
  320       100e-3     2750e-3       35e-3
  640       320e-3     2700e-3      113e-3
 1280       500e-3     2600e-3      177e-3
 2560       560e-3     2600e-3      198e-3
 5120       600e-3     2500e-3      212e-3
10240       580e-3     2500e-3      205e-3
20480       400e-3     2300e-3      141e-3
30000       300e-3     1000e-3      106e-3